           5 ,           2 ,   10.000000000000000      ,  0.49761536452519550     
           5 ,           3 ,   13.000000000000000      ,  0.33787670388428703     
           5 ,           4 ,   17.000000000000000      ,  0.20905120846720471     
           5 ,           5 ,   21.000000000000000      ,  0.17336299397437827     
           5 ,           6 ,   24.000000000000000      ,  0.15373841353834400     
           5 ,           7 ,   28.000000000000000      ,  0.13704130306108625     
           5 ,           8 ,   32.000000000000000      ,  0.11284020240650991     
           5 ,           9 ,   35.000000000000000      ,   8.5964727767115695E-002
           5 ,          10 ,   39.000000000000000      ,   8.1025067345597529E-002
           5 ,          11 ,   43.000000000000000      ,   4.8655093321646775E-002
           5 ,          12 ,   46.000000000000000      ,   4.2015510973779389E-002
           5 ,          13 ,   50.000000000000000      ,   2.9879404450280034E-002
           5 ,          14 ,   54.000000000000000      ,   4.2138627840504192E-002
           5 ,          15 ,   57.000000000000000      ,   2.7062243393474582E-002
           5 ,          16 ,   61.000000000000000      ,   3.9429146315969776E-002
           5 ,          17 ,   64.000000000000000      ,   2.1210683661118661E-002
           5 ,          18 ,   68.000000000000000      ,   2.9827530977663434E-002
           5 ,          19 ,   72.000000000000000      ,   3.8047372263278149E-003
           5 ,          20 ,   75.000000000000000      ,   9.9894277246386073E-004
           5 ,          21 ,   79.000000000000000      ,   5.9271598666371661E-004
           5 ,          22 ,   83.000000000000000      ,   6.1675327576909056E-004
           5 ,          23 ,   86.000000000000000      ,   3.6394340334194907E-004
           5 ,          24 ,   90.000000000000000      ,   3.7766346687572805E-004
           5 ,          25 ,   94.000000000000000      ,   2.2204568236051806E-004
           5 ,          26 ,   97.000000000000000      ,   2.2996711271634166E-004
           5 ,          27 ,   101.00000000000000      ,   1.3484818765084443E-004
           5 ,          28 ,   105.00000000000000      ,   1.3945804398975093E-004
           5 ,          29 ,   108.00000000000000      ,   8.1623175985604413E-005
           5 ,          30 ,   112.00000000000000      ,   8.4329600756351090E-005
           5 ,          31 ,   116.00000000000000      ,   4.9296881277709984E-005
           5 ,          32 ,   119.00000000000000      ,   5.0899017518049594E-005
           5 ,          33 ,   123.00000000000000      ,   2.9731596418417980E-005
           5 ,          34 ,   127.00000000000000      ,   3.0686116228406494E-005
           5 ,          35 ,   130.00000000000000      ,   1.7916456306055206E-005
           5 ,          36 ,   134.00000000000000      ,   1.8487643920555956E-005
           5 ,          37 ,   138.00000000000000      ,   1.0791363551343556E-005
           5 ,          38 ,   141.00000000000000      ,   1.1134125945133980E-005
           5 ,          39 ,   145.00000000000000      ,   6.4981051363954302E-006
           5 ,          40 ,   149.00000000000000      ,   6.7041461651864628E-006
           5 ,          41 ,   152.00000000000000      ,   3.9123807962608559E-006
           5 ,          42 ,   156.00000000000000      ,   4.0363621166472283E-006
           5 ,          43 ,   160.00000000000000      ,   2.3554487452726036E-006
           5 ,          44 ,   163.00000000000000      ,   2.4300965372507297E-006
           5 ,          45 ,   167.00000000000000      ,   1.4180919992211674E-006
           5 ,          46 ,   171.00000000000000      ,   1.4630525981395442E-006
           5 ,          47 ,   174.00000000000000      ,   8.5377866059421423E-007
           5 ,          48 ,   178.00000000000000      ,   8.8086487866172181E-007
           5 ,          49 ,   182.00000000000000      ,   5.1404815644418012E-007
           5 ,          50 ,   185.00000000000000      ,   5.3036897145961048E-007
           5 ,          51 ,   189.00000000000000      ,   3.0951744092386213E-007
           5 ,          52 ,   192.00000000000000      ,   3.1935311490052798E-007
           5 ,          53 ,   196.00000000000000      ,   1.8637740369174122E-007
           5 ,          54 ,   200.00000000000000      ,   1.9230576736931071E-007
           5 ,          55 ,   203.00000000000000      ,   1.1223586111799161E-007
           5 ,          56 ,   207.00000000000000      ,   1.1580970585983730E-007
           5 ,          57 ,   211.00000000000000      ,   6.7593256825905501E-008
           5 ,          58 ,   214.00000000000000      ,   6.9748056925542090E-008
           5 ,          59 ,   218.00000000000000      ,   4.0710946364909406E-008
           5 ,          60 ,   222.00000000000000      ,   4.2010362149950964E-008
           5 ,          61 ,   225.00000000000000      ,   2.4522090366109472E-008
           5 ,          62 ,   229.00000000000000      ,   2.5305803705126528E-008
           5 ,          63 ,   233.00000000000000      ,   1.4772171032413628E-008
           5 ,          64 ,   236.00000000000000      ,   1.5244918050161260E-008
           5 ,          65 ,   240.00000000000000      ,   8.8996538229191291E-009
           5 ,          66 ,   243.00000000000000      ,   9.1848597477683924E-009
           5 ,          67 ,   247.00000000000000      ,   5.3622221324670094E-009
           5 ,          68 ,   251.00000000000000      ,   5.5343024841711386E-009
           5 ,          69 ,   254.00000000000000      ,   3.2311705594131879E-009
           5 ,          70 ,   258.00000000000000      ,   3.3350078853036647E-009
           5 ,          71 ,   262.00000000000000      ,   1.9472349349278217E-009
           5 ,          72 ,   265.00000000000000      ,   2.0098969988335824E-009
           5 ,          73 ,   269.00000000000000      ,   1.1735972159365726E-009
           5 ,          74 ,   273.00000000000000      ,   1.2114141200586515E-009
           5 ,          75 ,   276.00000000000000      ,   7.0739066600905565E-010
           5 ,          76 ,   280.00000000000000      ,   7.3020776231169648E-010
           5 ,          77 ,   284.00000000000000      ,   4.2642105298196231E-010
           5 ,          78 ,   287.00000000000000      ,   4.4019488401603191E-010
           5 ,          79 ,   291.00000000000000      ,   2.5707369913363642E-010
           5 ,          80 ,   295.00000000000000      ,   2.6537440994678363E-010
           5 ,          81 ,   298.00000000000000      ,   1.5497961507876523E-010
           5 ,          82 ,   302.00000000000000      ,   1.6000401004134801E-010
           5 ,          83 ,   305.00000000000000      ,   9.3446308850608784E-011
           5 ,          84 ,   309.00000000000000      ,   9.6471644908668885E-011
           5 ,          85 ,   313.00000000000000      ,   5.6345253983403065E-011
           5 ,          86 ,   316.00000000000000      ,   5.8170303643412247E-011
           5 ,          87 ,   320.00000000000000      ,   3.3976654822964747E-011
           5 ,          88 ,   324.00000000000000      ,   3.5076577059589553E-011
           5 ,          89 ,   327.00000000000000      ,   2.0498274085067880E-011
           5 ,          90 ,   331.00000000000000      ,   2.1162138014174658E-011
           5 ,          91 ,   335.00000000000000      ,   1.2368472565582600E-011
           5 ,          92 ,   338.00000000000000      ,   1.2769705431958656E-011
           5 ,          93 ,   342.00000000000000      ,   7.4641456210278179E-012
           5 ,          94 ,   346.00000000000000      ,   7.7073469134658623E-012
           5 ,          95 ,   349.00000000000000      ,   4.5022171754616203E-012
           5 ,          96 ,   353.00000000000000      ,   4.6414278670470210E-012
           5 ,          97 ,   357.00000000000000      ,   2.7104048172521544E-012
           5 ,          98 ,   360.00000000000000      ,   2.7962562820782466E-012
           5 ,          99 ,   364.00000000000000      ,   1.6328553092970211E-012
           5 ,         100 ,   367.00000000000000      ,   1.6851901818437653E-012
           5 ,         101 ,   371.00000000000000      ,   9.7456070990986632E-013
           5 ,         102 ,   375.00000000000000      ,   1.0047067344753913E-012
           5 ,         103 ,   378.00000000000000      ,   5.7891972465862196E-013
           5 ,         104 ,   382.00000000000000      ,   5.9732774282394985E-013
           5 ,         105 ,   386.00000000000000      ,   3.5335536580083371E-013
           5 ,         106 ,   389.00000000000000      ,   3.5400501974258702E-013
           5 ,         107 ,   393.00000000000000      ,   2.1084436280238705E-013
           5 ,         108 ,   397.00000000000000      ,   2.0261396727061509E-013
           5 ,         109 ,   400.00000000000000      ,   1.0523179549970507E-013
           5 ,         110 ,   404.00000000000000      ,   1.1119924425706529E-013
           5 ,         111 ,   408.00000000000000      ,   5.3842347247368139E-014
           5 ,         112 ,   411.00000000000000      ,   4.3345535494232479E-014
           5 ,         113 ,   415.00000000000000      ,   1.9776714987873589E-014
           5 ,         114 ,   418.00000000000000      ,   1.4791987079654234E-014
           5 ,         115 ,   422.00000000000000      ,   5.2076398748823749E-015
           5 ,         116 ,   426.00000000000000      ,   9.4473040501696914E-015
           5 ,         117 ,   429.00000000000000      ,   4.6750797677574951E-015
           5 ,         118 ,   433.00000000000000      ,   9.6849611663785140E-015
           5 ,         119 ,   437.00000000000000      ,   4.3715031594615539E-015
           5 ,         120 ,   440.00000000000000      ,   9.9763947103426176E-015
           5 ,         121 ,   444.00000000000000      ,   5.1989662575024909E-015
           5 ,         122 ,   448.00000000000000      ,   9.5826124812958824E-015
           5 ,         123 ,   451.00000000000000      ,   5.0220244629528565E-015
           5 ,         124 ,   455.00000000000000      ,   9.5080193718288797E-015
           5 ,         125 ,   459.00000000000000      ,   5.2336607270220270E-015
           5 ,         126 ,   462.00000000000000      ,   9.7647584462734471E-015
           5 ,         127 ,   466.00000000000000      ,   5.5181553770822234E-015
           5 ,         128 ,   470.00000000000000      ,   9.3293428538032686E-015
           5 ,         129 ,   473.00000000000000      ,   4.6664061503776111E-015
           5 ,         130 ,   477.00000000000000      ,   9.5218971596366941E-015
           5 ,         131 ,   480.00000000000000      ,   5.4175414154755686E-015
           5 ,         132 ,   484.00000000000000      ,   9.7109820185181661E-015
           5 ,         133 ,   488.00000000000000      ,   5.3715712433621832E-015
           5 ,         134 ,   491.00000000000000      ,   9.6051638864835809E-015
           5 ,         135 ,   495.00000000000000      ,   5.0714640820181955E-015
           5 ,         136 ,   499.00000000000000      ,   9.5184277126847405E-015
           5 ,         137 ,   502.00000000000000      ,   5.2371301739739806E-015
           5 ,         138 ,   506.00000000000000      ,   9.4169463893400973E-015
           5 ,         139 ,   510.00000000000000      ,   5.2527426852577719E-015
           5 ,         140 ,   513.00000000000000      ,   9.7144514654701197E-015
           5 ,         141 ,   517.00000000000000      ,   5.4027962659297657E-015
           5 ,         142 ,   521.00000000000000      ,   9.2287288921966137E-015
           5 ,         143 ,   524.00000000000000      ,   4.7834999850060456E-015
           5 ,         144 ,   528.00000000000000      ,   8.9945412229397448E-015
           5 ,         145 ,   532.00000000000000      ,   4.6039561052424460E-015
           5 ,         146 ,   535.00000000000000      ,   9.1818913583452400E-015
           5 ,         147 ,   539.00000000000000      ,   5.6898930012039273E-015
           5 ,         148 ,   542.00000000000000      ,   9.1419927183977734E-015
           5 ,         149 ,   546.00000000000000      ,   5.1868231931706532E-015
