           3 ,           2 ,   10.000000000000000      ,  0.49761536452520078     
           3 ,           3 ,   14.000000000000000      ,  0.33787670388434954     
           3 ,           4 ,   17.000000000000000      ,  0.20905120846708231     
           3 ,           5 ,   21.000000000000000      ,  0.17336299397451066     
           3 ,           6 ,   25.000000000000000      ,  0.15373841353830880     
           3 ,           7 ,   28.000000000000000      ,  0.13704130306115808     
           3 ,           8 ,   32.000000000000000      ,  0.11284020240623568     
           3 ,           9 ,   35.000000000000000      ,   8.5964727767400245E-002
           3 ,          10 ,   39.000000000000000      ,   8.1025067345191215E-002
           3 ,          11 ,   43.000000000000000      ,   4.8655093321500184E-002
           3 ,          12 ,   46.000000000000000      ,   4.2015510973723205E-002
           3 ,          13 ,   50.000000000000000      ,   2.9879404450256979E-002
           3 ,          14 ,   54.000000000000000      ,   4.2138627840617802E-002
           3 ,          15 ,   57.000000000000000      ,   2.7062243393709162E-002
           3 ,          16 ,   61.000000000000000      ,   3.9429146315960471E-002
           3 ,          17 ,   65.000000000000000      ,   2.1210683661073971E-002
           3 ,          18 ,   68.000000000000000      ,   2.9827530977758712E-002
           3 ,          19 ,   72.000000000000000      ,   3.8047372262803320E-003
           3 ,          20 ,   76.000000000000000      ,   9.9894277239438180E-004
           3 ,          21 ,   79.000000000000000      ,   5.9271598661049313E-004
           3 ,          22 ,   83.000000000000000      ,   6.1675327569386774E-004
           3 ,          23 ,   87.000000000000000      ,   3.6394340327875960E-004
           3 ,          24 ,   90.000000000000000      ,   3.7766346679725350E-004
           3 ,          25 ,   94.000000000000000      ,   2.2204568230051744E-004
           3 ,          26 ,   97.000000000000000      ,   2.2996711264086818E-004
           3 ,          27 ,   101.00000000000000      ,   1.3484818759237601E-004
           3 ,          28 ,   105.00000000000000      ,   1.3945804391887317E-004
           3 ,          29 ,   108.00000000000000      ,   8.1623175937997096E-005
           3 ,          30 ,   112.00000000000000      ,   8.4329600699581397E-005
           3 ,          31 ,   116.00000000000000      ,   4.9296881242147719E-005
           3 ,          32 ,   119.00000000000000      ,   5.0899017478401622E-005
           3 ,          33 ,   123.00000000000000      ,   2.9731596392809992E-005
           3 ,          34 ,   127.00000000000000      ,   3.0686116204764816E-005
           3 ,          35 ,   130.00000000000000      ,   1.7916456291708609E-005
           3 ,          36 ,   134.00000000000000      ,   1.8487643903573880E-005
           3 ,          37 ,   138.00000000000000      ,   1.0791363539517512E-005
           3 ,          38 ,   141.00000000000000      ,   1.1134125929609939E-005
           3 ,          39 ,   145.00000000000000      ,   6.4981051253508795E-006
           3 ,          40 ,   149.00000000000000      ,   6.7041461524908891E-006
           3 ,          41 ,   152.00000000000000      ,   3.9123807882659491E-006
           3 ,          42 ,   156.00000000000000      ,   4.0363620993572394E-006
           3 ,          43 ,   159.00000000000000      ,   2.3554487326759091E-006
           3 ,          44 ,   163.00000000000000      ,   2.4300965221811868E-006
           3 ,          45 ,   167.00000000000000      ,   1.4180919888900217E-006
           3 ,          46 ,   170.00000000000000      ,   1.4630525950656142E-006
           3 ,          47 ,   174.00000000000000      ,   8.5377865761959715E-007
           3 ,          48 ,   178.00000000000000      ,   8.8086487766945998E-007
           3 ,          49 ,   181.00000000000000      ,   5.1404816490442651E-007
           3 ,          50 ,   185.00000000000000      ,   5.3036897763262397E-007
           3 ,          51 ,   189.00000000000000      ,   3.0951744426147010E-007
           3 ,          52 ,   192.00000000000000      ,   3.1935312269290583E-007
           3 ,          53 ,   196.00000000000000      ,   1.8637741027241472E-007
           3 ,          54 ,   200.00000000000000      ,   1.9230577842383606E-007
           3 ,          55 ,   203.00000000000000      ,   1.1223586908644390E-007
           3 ,          56 ,   207.00000000000000      ,   1.1580971332868922E-007
           3 ,          57 ,   210.00000000000000      ,   6.7593262179262148E-008
           3 ,          58 ,   214.00000000000000      ,   6.9748062537372535E-008
           3 ,          59 ,   218.00000000000000      ,   4.0710948977402961E-008
           3 ,          60 ,   221.00000000000000      ,   4.2010365530927019E-008
           3 ,          61 ,   225.00000000000000      ,   2.4522093423559599E-008
           3 ,          62 ,   229.00000000000000      ,   2.5305805872663512E-008
           3 ,          63 ,   232.00000000000000      ,   1.4772172234576997E-008
           3 ,          64 ,   236.00000000000000      ,   1.5244919770139587E-008
           3 ,          65 ,   240.00000000000000      ,   8.8996544786446030E-009
           3 ,          66 ,   243.00000000000000      ,   9.1848593192916939E-009
           3 ,          67 ,   247.00000000000000      ,   5.3622241343379007E-009
           3 ,          68 ,   251.00000000000000      ,   5.5343063317878083E-009
           3 ,          69 ,   255.00000000000000      ,   3.2311731970602331E-009
           3 ,          70 ,   259.00000000000000      ,   3.3350119089947672E-009
           3 ,          71 ,   263.00000000000000      ,   1.9472372273648952E-009
           3 ,          72 ,   267.00000000000000      ,   2.0098999391898742E-009
           3 ,          73 ,   271.00000000000000      ,   1.1736005179827091E-009
           3 ,          74 ,   275.00000000000000      ,   1.2114175634847513E-009
           3 ,          75 ,   279.00000000000000      ,   7.0739687718646138E-010
           3 ,          76 ,   283.00000000000000      ,   7.3021931903949344E-010
           3 ,          77 ,   287.00000000000000      ,   4.2642801269254793E-010
           3 ,          78 ,   290.00000000000000      ,   4.4020322630122788E-010
           3 ,          79 ,   294.00000000000000      ,   2.5707900652011118E-010
           3 ,          80 ,   298.00000000000000      ,   2.6539155421889671E-010
           3 ,          81 ,   301.00000000000000      ,   1.5499559621878767E-010
           3 ,          82 ,   305.00000000000000      ,   1.6001333938420181E-010
           3 ,          83 ,   309.00000000000000      ,   9.3456830815852321E-011
           3 ,          84 ,   313.00000000000000      ,   9.6484657069462187E-011
           3 ,          85 ,   316.00000000000000      ,   5.6354582458895131E-011
           3 ,          86 ,   320.00000000000000      ,   5.8181895065678724E-011
           3 ,          87 ,   324.00000000000000      ,   3.3983281466642978E-011
           3 ,          88 ,   328.00000000000000      ,   3.5085510885490834E-011
           3 ,          89 ,   331.00000000000000      ,   2.0494153249450697E-011
           3 ,          90 ,   335.00000000000000      ,   2.1159745830501286E-011
           3 ,          91 ,   339.00000000000000      ,   1.2361057490084537E-011
           3 ,          92 ,   343.00000000000000      ,   1.2762390103060461E-011
           3 ,          93 ,   347.00000000000000      ,   7.4553193479820479E-012
           3 ,          94 ,   351.00000000000000      ,   7.6977608315376145E-012
           3 ,          95 ,   355.00000000000000      ,   4.4960753869949244E-012
           3 ,          96 ,   359.00000000000000      ,   4.6418199145525918E-012
           3 ,          97 ,   363.00000000000000      ,   2.7114230999325528E-012
           3 ,          98 ,   367.00000000000000      ,   2.7995886858755981E-012
           3 ,          99 ,   371.00000000000000      ,   1.6355831619629946E-012
           3 ,         100 ,   375.00000000000000      ,   1.6887307524582340E-012
           3 ,         101 ,   379.00000000000000      ,   9.8644269835856946E-013
           3 ,         102 ,   383.00000000000000      ,   1.0188759558271698E-012
           3 ,         103 ,   387.00000000000000      ,   9.3241386833753381E-016
           3 ,         104 ,   391.00000000000000      ,   1.1894651930077771E-013
           3 ,         105 ,   395.00000000000000      ,   1.0338951916821770E-015
           3 ,         106 ,   399.00000000000000      ,   5.0584536559483695E-014
           3 ,         107 ,   403.00000000000000      ,   9.2113816574368457E-016
           3 ,         108 ,   407.00000000000000      ,   2.1682308726234112E-014
           3 ,         109 ,   411.00000000000000      ,   1.5994150448506161E-015
           3 ,         110 ,   415.00000000000000      ,   8.7221896372113861E-015
           3 ,         111 ,   419.00000000000000      ,   1.1379786002407855E-015
           3 ,         112 ,   423.00000000000000      ,   4.1078251911130792E-015
           3 ,         113 ,   427.00000000000000      ,   3.7331249203020889E-015
           3 ,         114 ,   431.00000000000000      ,   1.5317608292875207E-015
           3 ,         115 ,   435.00000000000000      ,   1.2186432418737070E-015
           3 ,         116 ,   439.00000000000000      ,   1.6375789613221059E-015
           3 ,         117 ,   443.00000000000000      ,   3.2890357104520263E-015
           3 ,         118 ,   447.00000000000000      ,   1.6948248360293405E-015
           3 ,         119 ,   451.00000000000000      ,   3.4972025275692431E-015
           3 ,         120 ,   455.00000000000000      ,   8.7256590841633397E-016
           3 ,         121 ,   458.00000000000000      ,   9.7491459349896559E-016
           3 ,         122 ,   462.00000000000000      ,   8.5001450322863548E-016
           3 ,         123 ,   466.00000000000000      ,   2.7547408798511697E-015
           3 ,         124 ,   469.00000000000000      ,   3.9655778660829810E-015
           3 ,         125 ,   473.00000000000000      ,   1.8075818619678330E-015
           3 ,         126 ,   477.00000000000000      ,   9.5409791178724390E-016
           3 ,         127 ,   480.00000000000000      ,   1.0781306403195856E-015
           3 ,         128 ,   484.00000000000000      ,   8.4307560932472825E-016
           3 ,         129 ,   488.00000000000000      ,   2.0643209364124004E-015
           3 ,         130 ,   491.00000000000000      ,   2.6957602816679582E-015
           3 ,         131 ,   495.00000000000000      ,   1.0373646386341306E-015
           3 ,         132 ,   499.00000000000000      ,   1.3357370765021415E-015
           3 ,         133 ,   502.00000000000000      ,   1.3045120539345589E-015
           3 ,         134 ,   506.00000000000000      ,   4.6247727869541677E-015
           3 ,         135 ,   510.00000000000000      ,   9.1246454836380053E-016
           3 ,         136 ,   513.00000000000000      ,   4.0557834868337750E-015
           3 ,         137 ,   517.00000000000000      ,   1.2628786905111156E-015
           3 ,         138 ,   520.00000000000000      ,   8.3266726846886741E-016
           3 ,         139 ,   524.00000000000000      ,   1.7486012637846216E-015
           3 ,         140 ,   528.00000000000000      ,   8.1705475718507614E-016
           3 ,         141 ,   531.00000000000000      ,   6.9735883734267645E-016
           3 ,         142 ,   535.00000000000000      ,   1.0390993621101074E-015
           3 ,         143 ,   539.00000000000000      ,   2.1094237467877974E-015
           3 ,         144 ,   542.00000000000000      ,   2.1857515797307769E-015
           3 ,         145 ,   546.00000000000000      ,   4.4408920985006262E-015
           3 ,         146 ,   550.00000000000000      ,   1.0616507672978059E-015
           3 ,         147 ,   553.00000000000000      ,   9.4542429440735987E-016
           3 ,         148 ,   557.00000000000000      ,   1.1709383462843448E-015
           3 ,         149 ,   560.00000000000000      ,   7.8409501114151681E-016
           3 ,         150 ,   564.00000000000000      ,   8.2312628935099497E-016
           3 ,         151 ,   568.00000000000000      ,   1.8700319071029980E-015
           3 ,         152 ,   571.00000000000000      ,   2.1649348980190553E-015
           3 ,         153 ,   575.00000000000000      ,   1.2437967322753707E-015
           3 ,         154 ,   579.00000000000000      ,   3.4243441415782172E-015
           3 ,         155 ,   582.00000000000000      ,   2.2187113257743363E-015
           3 ,         156 ,   586.00000000000000      ,   2.4459601011272980E-015
           3 ,         157 ,   590.00000000000000      ,   9.9746599868666408E-016
           3 ,         158 ,   593.00000000000000      ,   3.0253577421035516E-015
           3 ,         159 ,   597.00000000000000      ,   8.7430063189231078E-016
           3 ,         160 ,   601.00000000000000      ,   1.3218592886943270E-015
           3 ,         161 ,   604.00000000000000      ,   1.0191500421363742E-015
           3 ,         162 ,   608.00000000000000      ,   1.9376861226660935E-015
           3 ,         163 ,   612.00000000000000      ,   1.3079815008865125E-015
           3 ,         164 ,   615.00000000000000      ,   8.4134088584875144E-016
           3 ,         165 ,   619.00000000000000      ,   1.2281842209915794E-015
           3 ,         166 ,   623.00000000000000      ,   1.1241008124329710E-015
           3 ,         167 ,   626.00000000000000      ,   1.1136924715771102E-015
           3 ,         168 ,   630.00000000000000      ,   1.1657341758564144E-015
           3 ,         169 ,   634.00000000000000      ,   9.4542429440735987E-016
           3 ,         170 ,   637.00000000000000      ,   3.2682190287403046E-015
           3 ,         171 ,   641.00000000000000      ,   2.4130003550837387E-015
