           1 ,           2 ,   10.000000000000000      ,  0.49761536452521105     
           1 ,           3 ,   14.000000000000000      ,  0.33787670388446073     
           1 ,           4 ,   17.000000000000000      ,  0.20905120846706621     
           1 ,           5 ,   21.000000000000000      ,  0.17336299397452837     
           1 ,           6 ,   25.000000000000000      ,  0.15373841353806678     
           1 ,           7 ,   28.000000000000000      ,  0.13704130306098689     
           1 ,           8 ,   32.000000000000000      ,  0.11284020240595798     
           1 ,           9 ,   36.000000000000000      ,   8.5964727767286406E-002
           1 ,          10 ,   40.000000000000000      ,   8.1025067345487367E-002
           1 ,          11 ,   43.000000000000000      ,   4.8655093321677972E-002
           1 ,          12 ,   47.000000000000000      ,   4.2015510973299051E-002
           1 ,          13 ,   51.000000000000000      ,   2.9879404450271960E-002
           1 ,          14 ,   54.000000000000000      ,   4.2138627840245663E-002
           1 ,          15 ,   58.000000000000000      ,   2.7062243393637168E-002
           1 ,          16 ,   62.000000000000000      ,   3.9429146315777347E-002
           1 ,          17 ,   66.000000000000000      ,   2.1210683661064163E-002
           1 ,          18 ,   69.000000000000000      ,   2.9827530977481032E-002
           1 ,          19 ,   73.000000000000000      ,   3.8047372263227165E-003
           1 ,          20 ,   77.000000000000000      ,   9.9894277246538534E-004
           1 ,          21 ,   80.000000000000000      ,   5.9271598666545697E-004
           1 ,          22 ,   84.000000000000000      ,   6.1675327573609091E-004
           1 ,          23 ,   88.000000000000000      ,   3.6394340330384240E-004
           1 ,          24 ,   92.000000000000000      ,   3.7766346681987733E-004
           1 ,          25 ,   95.000000000000000      ,   2.2204568231521055E-004
           1 ,          26 ,   99.000000000000000      ,   2.2996711277341276E-004
           1 ,          27 ,   103.00000000000000      ,   1.3484818769276012E-004
           1 ,          28 ,   106.00000000000000      ,   1.3945804401740026E-004
           1 ,          29 ,   110.00000000000000      ,   8.1623175993966214E-005
           1 ,          30 ,   114.00000000000000      ,   8.4329600755132447E-005
           1 ,          31 ,   117.00000000000000      ,   4.9296881273982931E-005
           1 ,          32 ,   121.00000000000000      ,   5.0899017508653464E-005
           1 ,          33 ,   125.00000000000000      ,   2.9731596409311983E-005
           1 ,          34 ,   129.00000000000000      ,   3.0686116221201321E-005
           1 ,          35 ,   132.00000000000000      ,   1.7916456301846767E-005
           1 ,          36 ,   136.00000000000000      ,   1.8487643914461005E-005
           1 ,          37 ,   140.00000000000000      ,   1.0791363546020557E-005
           1 ,          38 ,   143.00000000000000      ,   1.1134125935109013E-005
           1 ,          39 ,   147.00000000000000      ,   6.4981051281403149E-006
           1 ,          40 ,   151.00000000000000      ,   6.7041461562561064E-006
           1 ,          41 ,   155.00000000000000      ,   3.9123807893579575E-006
           1 ,          42 ,   158.00000000000000      ,   4.0363620996920410E-006
           1 ,          43 ,   162.00000000000000      ,   2.3554487329582353E-006
           1 ,          44 ,   166.00000000000000      ,   2.4300965227822685E-006
           1 ,          45 ,   169.00000000000000      ,   1.4180919892313286E-006
           1 ,          46 ,   173.00000000000000      ,   1.4630525949389794E-006
           1 ,          47 ,   177.00000000000000      ,   8.5377865799039429E-007
           1 ,          48 ,   181.00000000000000      ,   8.8086487890024628E-007
           1 ,          49 ,   184.00000000000000      ,   5.1404816556448879E-007
           1 ,          50 ,   188.00000000000000      ,   5.3036897892846241E-007
           1 ,          51 ,   192.00000000000000      ,   3.0951744592680464E-007
           1 ,          52 ,   195.00000000000000      ,   3.1935312446405850E-007
           1 ,          53 ,   199.00000000000000      ,   1.8637741103222361E-007
           1 ,          54 ,   203.00000000000000      ,   1.9230577910731711E-007
           1 ,          55 ,   207.00000000000000      ,   1.1223586877332631E-007
           1 ,          56 ,   210.00000000000000      ,   1.1580971334169965E-007
           1 ,          57 ,   214.00000000000000      ,   6.7593262945142563E-008
           1 ,          58 ,   218.00000000000000      ,   6.9748063056922216E-008
           1 ,          59 ,   222.00000000000000      ,   4.0710949506493621E-008
           1 ,          60 ,   225.00000000000000      ,   4.2010365956801632E-008
           1 ,          61 ,   229.00000000000000      ,   2.4522093793923061E-008
           1 ,          62 ,   233.00000000000000      ,   2.5305806815485721E-008
           1 ,          63 ,   236.00000000000000      ,   1.4772171090526864E-008
           1 ,          64 ,   240.00000000000000      ,   1.5244918469096980E-008
           1 ,          65 ,   244.00000000000000      ,   8.8996554179973653E-009
           1 ,          66 ,   248.00000000000000      ,   9.1848605231897862E-009
           1 ,          67 ,   251.00000000000000      ,   5.3622234066214025E-009
           1 ,          68 ,   255.00000000000000      ,   5.5343059388729410E-009
           1 ,          69 ,   259.00000000000000      ,   3.2311732170095531E-009
           1 ,          70 ,   263.00000000000000      ,   3.3350116019487119E-009
           1 ,          71 ,   266.00000000000000      ,   1.9472363868913711E-009
           1 ,          72 ,   270.00000000000000      ,   2.0098991134614996E-009
           1 ,          73 ,   274.00000000000000      ,   1.1735993427075542E-009
           1 ,          74 ,   278.00000000000000      ,   1.2114165122423248E-009
           1 ,          75 ,   281.00000000000000      ,   7.0739626569643610E-010
           1 ,          76 ,   285.00000000000000      ,   7.3021932424366387E-010
           1 ,          77 ,   289.00000000000000      ,   4.2642757554223198E-010
           1 ,          78 ,   292.00000000000000      ,   4.4020173964320897E-010
           1 ,          79 ,   296.00000000000000      ,   2.5707770634486593E-010
           1 ,          80 ,   300.00000000000000      ,   2.6539148482995767E-010
           1 ,          81 ,   304.00000000000000      ,   1.5499673593211138E-010
           1 ,          82 ,   307.00000000000000      ,   1.6001418245981114E-010
           1 ,          83 ,   311.00000000000000      ,   9.3456881990194862E-011
           1 ,          84 ,   315.00000000000000      ,   9.6485257283784875E-011
           1 ,          85 ,   318.00000000000000      ,   5.6355119355810945E-011
           1 ,          86 ,   322.00000000000000      ,   5.8182184764499212E-011
           1 ,          87 ,   326.00000000000000      ,   3.3983219016597843E-011
           1 ,          88 ,   330.00000000000000      ,   3.5085972321935444E-011
           1 ,          89 ,   333.00000000000000      ,   2.0494266873838374E-011
           1 ,          90 ,   337.00000000000000      ,   2.1159461335851226E-011
           1 ,          91 ,   341.00000000000000      ,   1.2359701803688061E-011
           1 ,          92 ,   344.00000000000000      ,   1.2761725703969162E-011
           1 ,          93 ,   348.00000000000000      ,   7.4553141438116199E-012
           1 ,          94 ,   352.00000000000000      ,   7.6970981671697913E-012
           1 ,          95 ,   355.00000000000000      ,   4.4964457504570454E-012
           1 ,          96 ,   359.00000000000000      ,   4.6422813509972016E-012
           1 ,          97 ,   363.00000000000000      ,   2.7112669748197149E-012
           1 ,          98 ,   366.00000000000000      ,   2.8001160418122950E-012
           1 ,          99 ,   370.00000000000000      ,   2.0387684596112621E-013
           1 ,         100 ,   374.00000000000000      ,   4.6122827779271347E-014
           1 ,         101 ,   377.00000000000000      ,   2.0353337071288280E-013
           1 ,         102 ,   381.00000000000000      ,   4.6306708467724889E-014
           1 ,         103 ,   385.00000000000000      ,   2.0403297107396412E-013
           1 ,         104 ,   388.00000000000000      ,   4.5841802576163104E-014
           1 ,         105 ,   392.00000000000000      ,   2.0324800870108461E-013
           1 ,         106 ,   396.00000000000000      ,   4.6551304477837618E-014
           1 ,         107 ,   400.00000000000000      ,   2.0366520969705704E-013
           1 ,         108 ,   403.00000000000000      ,   4.6036091605472507E-014
           1 ,         109 ,   407.00000000000000      ,   2.0404858358524791E-013
           1 ,         110 ,   411.00000000000000      ,   4.6568651712597386E-014
           1 ,         111 ,   414.00000000000000      ,   2.0400434813661050E-013
           1 ,         112 ,   418.00000000000000      ,   4.6119358332319393E-014
           1 ,         113 ,   421.00000000000000      ,   2.0268509093313014E-013
           1 ,         114 ,   425.00000000000000      ,   4.6285891786013167E-014
           1 ,         115 ,   429.00000000000000      ,   2.0371725140133634E-013
           1 ,         116 ,   432.00000000000000      ,   4.6049969393280321E-014
           1 ,         117 ,   436.00000000000000      ,   2.0306933218305900E-013
           1 ,         118 ,   440.00000000000000      ,   4.6190481994834443E-014
           1 ,         119 ,   443.00000000000000      ,   2.0294529945452666E-013
           1 ,         120 ,   447.00000000000000      ,   4.6044765222852391E-014
           1 ,         121 ,   451.00000000000000      ,   2.0358194297021015E-013
           1 ,         122 ,   454.00000000000000      ,   4.6318851532056726E-014
           1 ,         123 ,   458.00000000000000      ,   2.0243268866737552E-013
           1 ,         124 ,   462.00000000000000      ,   4.5760270572792194E-014
           1 ,         125 ,   465.00000000000000      ,   2.0296611613623838E-013
           1 ,         126 ,   469.00000000000000      ,   4.6284157062537190E-014
           1 ,         127 ,   473.00000000000000      ,   2.0240146364480793E-013
           1 ,         128 ,   476.00000000000000      ,   4.5624962141666003E-014
           1 ,         129 ,   480.00000000000000      ,   2.0265126382534859E-013
           1 ,         130 ,   484.00000000000000      ,   4.6119358332319393E-014
           1 ,         131 ,   487.00000000000000      ,   2.0322545729589692E-013
           1 ,         132 ,   491.00000000000000      ,   4.5592002395622444E-014
           1 ,         133 ,   494.00000000000000      ,   2.0305371967177521E-013
           1 ,         134 ,   498.00000000000000      ,   4.5527817627011302E-014
           1 ,         135 ,   502.00000000000000      ,   2.0282039936425633E-013
           1 ,         136 ,   505.00000000000000      ,   4.5758535849316218E-014
           1 ,         137 ,   509.00000000000000      ,   2.0268769301834411E-013
           1 ,         138 ,   513.00000000000000      ,   4.5770678913648055E-014
           1 ,         139 ,   516.00000000000000      ,   2.0203977380006677E-013
           1 ,         140 ,   520.00000000000000      ,   4.5597206566050374E-014
           1 ,         141 ,   524.00000000000000      ,   2.0199900779838131E-013
           1 ,         142 ,   527.00000000000000      ,   4.5399448089789018E-014
           1 ,         143 ,   531.00000000000000      ,   2.0189058758113276E-013
           1 ,         144 ,   535.00000000000000      ,   4.5552103755674977E-014
           1 ,         145 ,   538.00000000000000      ,   2.0152976509812959E-013
           1 ,         146 ,   542.00000000000000      ,   4.5033421436357912E-014
           1 ,         147 ,   546.00000000000000      ,   2.0130685313146657E-013
           1 ,         148 ,   549.00000000000000      ,   4.5399448089789018E-014
           1 ,         149 ,   553.00000000000000      ,   2.0224186908501807E-013
           1 ,         150 ,   557.00000000000000      ,   4.5487918987063836E-014
           1 ,         151 ,   560.00000000000000      ,   2.0134935385662800E-013
           1 ,         152 ,   564.00000000000000      ,   4.5276282722994665E-014
           1 ,         153 ,   567.00000000000000      ,   2.0157833735545694E-013
           1 ,         154 ,   571.00000000000000      ,   4.4951889432987002E-014
           1 ,         155 ,   575.00000000000000      ,   2.0163211378321222E-013
           1 ,         156 ,   579.00000000000000      ,   4.5156586803152265E-014
           1 ,         157 ,   582.00000000000000      ,   2.0086883545378242E-013
           1 ,         158 ,   586.00000000000000      ,   4.5363018896793506E-014
           1 ,         159 ,   590.00000000000000      ,   2.0111863563432308E-013
           1 ,         160 ,   593.00000000000000      ,   4.5357814726365575E-014
           1 ,         161 ,   597.00000000000000      ,   2.0096684733017511E-013
           1 ,         162 ,   601.00000000000000      ,   4.5114953439728822E-014
           1 ,         163 ,   604.00000000000000      ,   2.0099026609710080E-013
           1 ,         164 ,   608.00000000000000      ,   4.5239853529999152E-014
           1 ,         165 ,   612.00000000000000      ,   2.0109434950565941E-013
           1 ,         166 ,   615.00000000000000      ,   4.5064646458925495E-014
           1 ,         167 ,   619.00000000000000      ,   2.0120537180812192E-013
           1 ,         168 ,   623.00000000000000      ,   4.5493123157491766E-014
           1 ,         169 ,   626.00000000000000      ,   1.9996764660801247E-013
           1 ,         170 ,   630.00000000000000      ,   4.5265874382138804E-014
           1 ,         171 ,   633.00000000000000      ,   1.9989218613680748E-013
           1 ,         172 ,   637.00000000000000      ,   4.5132300674488590E-014
           1 ,         173 ,   641.00000000000000      ,   2.0026081487545255E-013
           1 ,         174 ,   644.00000000000000      ,   4.4799233767101043E-014
           1 ,         175 ,   648.00000000000000      ,   1.9925207317417204E-013
           1 ,         176 ,   652.00000000000000      ,   4.4740253168917832E-014
           1 ,         177 ,   655.00000000000000      ,   1.9977942911086899E-013
           1 ,         178 ,   659.00000000000000      ,   4.5139239568392497E-014
           1 ,         179 ,   663.00000000000000      ,   1.9944115803305351E-013
           1 ,         180 ,   666.00000000000000      ,   4.5467102305352114E-014
           1 ,         181 ,   670.00000000000000      ,   1.9937003437053846E-013
           1 ,         182 ,   674.00000000000000      ,   4.5435877282784531E-014
           1 ,         183 ,   677.00000000000000      ,   1.9955391505899200E-013
           1 ,         184 ,   681.00000000000000      ,   4.4630965589931293E-014
           1 ,         185 ,   685.00000000000000      ,   1.9930238015497537E-013
           1 ,         186 ,   688.00000000000000      ,   4.4859949088760231E-014
           1 ,         187 ,   692.00000000000000      ,   1.9861716438196453E-013
           1 ,         188 ,   696.00000000000000      ,   4.4969236667746770E-014
           1 ,         189 ,   699.00000000000000      ,   1.9901354869622523E-013
           1 ,         190 ,   703.00000000000000      ,   4.4887704664375860E-014
           1 ,         191 ,   707.00000000000000      ,   1.9884961732774542E-013
           1 ,         192 ,   710.00000000000000      ,   4.5416795324548787E-014
           1 ,         193 ,   714.00000000000000      ,   1.9842287535265513E-013
           1 ,         194 ,   718.00000000000000      ,   4.5036890883309866E-014
           1 ,         195 ,   721.00000000000000      ,   1.9778709919870963E-013
           1 ,         196 ,   725.00000000000000      ,   4.4710762869826226E-014
           1 ,         197 ,   729.00000000000000      ,   1.9797531669585311E-013
           1 ,         198 ,   732.00000000000000      ,   4.4844336577476440E-014
           1 ,         199 ,   736.00000000000000      ,   1.9758673863723430E-013
           1 ,         200 ,   740.00000000000000      ,   4.4780151808865298E-014
           1 ,         201 ,   743.00000000000000      ,   1.9743928714177628E-013
           1 ,         202 ,   747.00000000000000      ,   4.4542494692656476E-014
           1 ,         203 ,   751.00000000000000      ,   1.9770556719533872E-013
           1 ,         204 ,   754.00000000000000      ,   4.4821785172288742E-014
           1 ,         205 ,   758.00000000000000      ,   1.9757546293464046E-013
           1 ,         206 ,   761.00000000000000      ,   4.4846071300952417E-014
           1 ,         207 ,   765.00000000000000      ,   1.9767867898146108E-013
           1 ,         208 ,   769.00000000000000      ,   4.5120157610156753E-014
           1 ,         209 ,   772.00000000000000      ,   1.9739765377835283E-013
           1 ,         210 ,   776.00000000000000      ,   4.5050768671117680E-014
           1 ,         211 ,   780.00000000000000      ,   1.9687289992686985E-013
           1 ,         212 ,   783.00000000000000      ,   4.4832193513144603E-014
           1 ,         213 ,   787.00000000000000      ,   1.9654243510469627E-013
           1 ,         214 ,   791.00000000000000      ,   4.4879031046995976E-014
           1 ,         215 ,   794.00000000000000      ,   1.9692580899288714E-013
           1 ,         216 ,   798.00000000000000      ,   4.4611883631695548E-014
           1 ,         217 ,   801.00000000000000      ,   1.9590405686553680E-013
           1 ,         218 ,   805.00000000000000      ,   4.4200754167889045E-014
           1 ,         219 ,   809.00000000000000      ,   1.9674019358095762E-013
           1 ,         220 ,   812.00000000000000      ,   4.4847806024428394E-014
           1 ,         221 ,   816.00000000000000      ,   1.9594482286722226E-013
           1 ,         222 ,   820.00000000000000      ,   4.4922399133895397E-014
           1 ,         223 ,   823.00000000000000      ,   1.9565252196152016E-013
           1 ,         224 ,   827.00000000000000      ,   4.5071585352829402E-014
           1 ,         225 ,   831.00000000000000      ,   1.9552155033908392E-013
           1 ,         226 ,   834.00000000000000      ,   4.5023013095502051E-014
           1 ,         227 ,   838.00000000000000      ,   1.9557879621379115E-013
           1 ,         228 ,   842.00000000000000      ,   4.5350875832461668E-014
           1 ,         229 ,   845.00000000000000      ,   1.9474092477489435E-013
           1 ,         230 ,   849.00000000000000      ,   4.5055972841545611E-014
           1 ,         231 ,   853.00000000000000      ,   1.9532552658629854E-013
           1 ,         232 ,   856.00000000000000      ,   4.4906786622611605E-014
           1 ,         233 ,   860.00000000000000      ,   1.9505230763883219E-013
           1 ,         234 ,   864.00000000000000      ,   4.4082792971522622E-014
           1 ,         235 ,   867.00000000000000      ,   1.9487970265297250E-013
           1 ,         236 ,   871.00000000000000      ,   4.4497391882281079E-014
           1 ,         237 ,   875.00000000000000      ,   1.9467240319759327E-013
           1 ,         238 ,   878.00000000000000      ,   4.4412390431958215E-014
           1 ,         239 ,   882.00000000000000      ,   1.9416065977218011E-013
           1 ,         240 ,   886.00000000000000      ,   4.4204223614840998E-014
           1 ,         241 ,   889.00000000000000      ,   1.9380113833178392E-013
           1 ,         242 ,   893.00000000000000      ,   4.4407186261530285E-014
           1 ,         243 ,   897.00000000000000      ,   1.9342253493315198E-013
           1 ,         244 ,   900.00000000000000      ,   4.4197284720937091E-014
           1 ,         245 ,   904.00000000000000      ,   1.9375863760662249E-013
           1 ,         246 ,   908.00000000000000      ,   4.4410655708482238E-014
           1 ,         247 ,   911.00000000000000      ,   1.9391866584728135E-013
           1 ,         248 ,   915.00000000000000      ,   4.4910256069563559E-014
           1 ,         249 ,   919.00000000000000      ,   1.9369618756148732E-013
           1 ,         250 ,   922.00000000000000      ,   4.4604944737791641E-014
           1 ,         251 ,   926.00000000000000      ,   1.9265188402894928E-013
           1 ,         252 ,   930.00000000000000      ,   4.4318715364255468E-014
           1 ,         253 ,   933.00000000000000      ,   1.9264711353939035E-013
           1 ,         254 ,   937.00000000000000      ,   4.4783621255817252E-014
           1 ,         255 ,   941.00000000000000      ,   1.9259290343076607E-013
           1 ,         256 ,   944.00000000000000      ,   4.4358614004202934E-014
           1 ,         257 ,   948.00000000000000      ,   1.9266793022110207E-013
           1 ,         258 ,   951.00000000000000      ,   4.4637904483835200E-014
           1 ,         259 ,   955.00000000000000      ,   1.9304349785365105E-013
           1 ,         260 ,   959.00000000000000      ,   4.4403716814578331E-014
           1 ,         261 ,   962.00000000000000      ,   1.9225463235295059E-013
           1 ,         262 ,   966.00000000000000      ,   4.4915460239991489E-014
           1 ,         263 ,   970.00000000000000      ,   1.9151086966262554E-013
           1 ,         264 ,   973.00000000000000      ,   4.4528616904848661E-014
