           5 ,           2 ,   4.0000000000000000      ,  0.43361722309753459     
           5 ,           3 ,   5.0000000000000000      ,  0.31007343061002118     
           5 ,           4 ,   7.0000000000000000      ,  0.19668303172719687     
           5 ,           5 ,   9.0000000000000000      ,  0.13269318853218162     
           5 ,           6 ,   10.000000000000000      ,  0.11818520716127344     
           5 ,           7 ,   12.000000000000000      ,   9.7845189880222533E-002
           5 ,           8 ,   13.000000000000000      ,   9.8323033795102308E-002
           5 ,           9 ,   15.000000000000000      ,   9.3340495735742268E-002
           5 ,          10 ,   17.000000000000000      ,   4.1252422257491400E-002
           5 ,          11 ,   18.000000000000000      ,   8.4750891895698635E-002
           5 ,          12 ,   20.000000000000000      ,   6.0865133622421942E-002
           5 ,          13 ,   22.000000000000000      ,   3.3300812153509579E-002
           5 ,          14 ,   23.000000000000000      ,   2.9177465290322828E-002
           5 ,          15 ,   25.000000000000000      ,   4.5624425387457604E-002
           5 ,          16 ,   27.000000000000000      ,   1.9673373421682658E-002
           5 ,          17 ,   28.000000000000000      ,   2.6470421259432608E-002
           5 ,          18 ,   30.000000000000000      ,   2.7973197978709820E-002
           5 ,          19 ,   32.000000000000000      ,   1.4900369140777366E-002
           5 ,          20 ,   33.000000000000000      ,   1.6517540247142075E-002
           5 ,          21 ,   35.000000000000000      ,   5.0873583493173686E-003
           5 ,          22 ,   36.000000000000000      ,   4.6160255218007807E-003
           5 ,          23 ,   38.000000000000000      ,   1.3585671301467143E-003
           5 ,          24 ,   40.000000000000000      ,   1.2137150284503846E-003
           5 ,          25 ,   41.000000000000000      ,   3.6887664599774246E-004
           5 ,          26 ,   43.000000000000000      ,   6.6157534324882972E-004
           5 ,          27 ,   45.000000000000000      ,   3.1502196543356639E-004
           5 ,          28 ,   46.000000000000000      ,   5.6450230448552852E-004
           5 ,          29 ,   48.000000000000000      ,   2.6858823510621070E-004
           5 ,          30 ,   50.000000000000000      ,   4.8097068282360218E-004
           5 ,          31 ,   51.000000000000000      ,   2.2870392910214529E-004
           5 ,          32 ,   53.000000000000000      ,   4.0935587981773616E-004
           5 ,          33 ,   55.000000000000000      ,   1.9456010995008623E-004
           5 ,          34 ,   56.000000000000000      ,   3.4813187661590118E-004
           5 ,          35 ,   58.000000000000000      ,   1.6540317886907683E-004
           5 ,          36 ,   59.000000000000000      ,   2.9589871320188227E-004
           5 ,          37 ,   61.000000000000000      ,   1.4054914967874315E-004
           5 ,          38 ,   63.000000000000000      ,   2.5140107071446385E-004
           5 ,          39 ,   64.000000000000000      ,   1.1938938959002183E-004
           5 ,          40 ,   66.000000000000000      ,   2.1353198089457855E-004
           5 ,          41 ,   68.000000000000000      ,   1.0139021424461101E-004
           5 ,          42 ,   69.000000000000000      ,   1.8132703657886169E-004
           5 ,          43 ,   71.000000000000000      ,   8.6088618150782521E-005
           5 ,          44 ,   73.000000000000000      ,   1.5395304998994802E-004
           5 ,          45 ,   74.000000000000000      ,   7.3085817832064300E-005
           5 ,          46 ,   76.000000000000000      ,   1.3069415744830330E-004
           5 ,          47 ,   78.000000000000000      ,   6.2039936980352525E-005
           5 ,          48 ,   79.000000000000000      ,   1.1093746521805350E-004
           5 ,          49 ,   81.000000000000000      ,   5.2658735272104185E-005
           5 ,          50 ,   82.000000000000000      ,   9.4159436124167939E-005
           5 ,          51 ,   84.000000000000000      ,   4.4692863149758521E-005
           5 ,          52 ,   86.000000000000000      ,   7.9913552929812212E-005
           5 ,          53 ,   88.000000000000000      ,   3.7929831353995542E-005
           5 ,          54 ,   89.000000000000000      ,   6.7819408759117045E-005
           5 ,          55 ,   91.000000000000000      ,   3.2188723899486196E-005
           5 ,          56 ,   93.000000000000000      ,   5.7553188334089761E-005
           5 ,          57 ,   95.000000000000000      ,   2.7315611414785532E-005
           5 ,          58 ,   96.000000000000000      ,   4.8839427291511375E-005
           5 ,          59 ,   98.000000000000000      ,   2.3179595887701937E-005
           5 ,          60 ,   100.00000000000000      ,   4.1443912902058150E-005
           5 ,          61 ,   102.00000000000000      ,   1.9669412721007480E-005
           5 ,          62 ,   103.00000000000000      ,   3.5167588615844445E-005
           5 ,          63 ,   105.00000000000000      ,   1.6690519095920522E-005
           5 ,          64 ,   107.00000000000000      ,   2.9841333321300317E-005
           5 ,          65 ,   109.00000000000000      ,   1.4162603889282185E-005
           5 ,          66 ,   110.00000000000000      ,   2.5321498211295160E-005
           5 ,          67 ,   112.00000000000000      ,   1.2017461293531602E-005
           5 ,          68 ,   114.00000000000000      ,   2.1486096925482645E-005
           5 ,          69 ,   116.00000000000000      ,   1.0197177224383590E-005
           5 ,          70 ,   117.00000000000000      ,   1.8231557180774238E-005
           5 ,          71 ,   119.00000000000000      ,   8.6525840166740489E-006
           5 ,          72 ,   121.00000000000000      ,   1.5469953755059898E-005
           5 ,          73 ,   123.00000000000000      ,   7.3419447766901597E-006
           5 ,          74 ,   125.00000000000000      ,   1.3126653274660519E-005
           5 ,          75 ,   126.00000000000000      ,   6.2298339676475009E-006
           5 ,          76 ,   128.00000000000000      ,   1.1138310824181444E-005
           5 ,          77 ,   130.00000000000000      ,   5.2861855228980049E-006
           5 ,          78 ,   132.00000000000000      ,   9.4511665249367993E-006
           5 ,          79 ,   133.00000000000000      ,   4.4854836823539704E-006
           5 ,          80 ,   135.00000000000000      ,   8.0195979259237854E-006
           5 ,          81 ,   137.00000000000000      ,   3.8060754763554958E-006
           5 ,          82 ,   139.00000000000000      ,   6.8048900967645348E-006
           5 ,          83 ,   140.00000000000000      ,   3.2295867058679088E-006
           5 ,          84 ,   142.00000000000000      ,   5.7741910039956629E-006
           5 ,          85 ,   144.00000000000000      ,   2.7404259550548558E-006
           5 ,          86 ,   146.00000000000000      ,   4.8996244432358838E-006
           5 ,          87 ,   147.00000000000000      ,   2.3253634665841572E-006
           5 ,          88 ,   149.00000000000000      ,   4.1575368877142665E-006
           5 ,          89 ,   151.00000000000000      ,   1.9731736158176347E-006
           5 ,          90 ,   153.00000000000000      ,   3.5278581525226976E-006
           5 ,          91 ,   154.00000000000000      ,   1.6743314296178112E-006
           5 ,          92 ,   156.00000000000000      ,   2.9935587248768741E-006
           5 ,          93 ,   158.00000000000000      ,   1.4207550182322032E-006
           5 ,          94 ,   160.00000000000000      ,   2.5401891972556129E-006
           5 ,          95 ,   162.00000000000000      ,   1.2055869676487474E-006
           5 ,          96 ,   163.00000000000000      ,   2.1554893947124676E-006
           5 ,          97 ,   165.00000000000000      ,   1.0230088451435373E-006
           5 ,          98 ,   167.00000000000000      ,   1.8290567217072590E-006
           5 ,          99 ,   169.00000000000000      ,   8.6808377465844022E-007
           5 ,         100 ,   170.00000000000000      ,   1.5520646830732843E-006
           5 ,         101 ,   172.00000000000000      ,   7.3662285247780637E-007
           5 ,         102 ,   174.00000000000000      ,   1.3170240586637266E-006
           5 ,         103 ,   176.00000000000000      ,   6.2507182346707019E-007
           5 ,         104 ,   177.00000000000000      ,   1.1175802903089921E-006
           5 ,         105 ,   179.00000000000000      ,   5.3041491200698371E-007
           5 ,         106 ,   181.00000000000000      ,   9.4834153825835987E-007
           5 ,         107 ,   183.00000000000000      ,   4.5009322637880322E-007
           5 ,         108 ,   184.00000000000000      ,   8.0473280953882731E-007
           5 ,         109 ,   186.00000000000000      ,   3.8193552547981929E-007
           5 ,         110 ,   188.00000000000000      ,   6.8287217415245738E-007
           5 ,         111 ,   190.00000000000000      ,   3.2409948746460471E-007
           5 ,         112 ,   191.00000000000000      ,   5.7946576401471384E-007
           5 ,         113 ,   193.00000000000000      ,   2.7502186622507807E-007
           5 ,         114 ,   195.00000000000000      ,   4.9171866000306819E-007
           5 ,         115 ,   197.00000000000000      ,   2.3337621151472282E-007
           5 ,         116 ,   198.00000000000000      ,   4.1725930602885819E-007
           5 ,         117 ,   200.00000000000000      ,   1.9803699108974365E-007
           5 ,         118 ,   202.00000000000000      ,   3.5407535517797961E-007
           5 ,         119 ,   204.00000000000000      ,   1.6804915039993901E-007
           5 ,         120 ,   205.00000000000000      ,   3.0045926154888269E-007
           5 ,         121 ,   207.00000000000000      ,   1.4260228926605417E-007
           5 ,         122 ,   209.00000000000000      ,   2.5496209877552689E-007
           5 ,         123 ,   210.00000000000000      ,   1.2100874393966218E-007
           5 ,         124 ,   212.00000000000000      ,   2.1635438345740665E-007
           5 ,         125 ,   214.00000000000000      ,   1.0268500055289620E-007
           5 ,         126 ,   215.00000000000000      ,   1.8359284063157455E-007
           5 ,         127 ,   217.00000000000000      ,   8.7135913462085823E-008
           5 ,         128 ,   219.00000000000000      ,   1.5579217094857656E-007
           5 ,         129 ,   220.00000000000000      ,   7.3941314500045041E-008
           5 ,         130 ,   222.00000000000000      ,   1.3220118290184490E-007
           5 ,         131 ,   224.00000000000000      ,   6.2744684631559772E-008
           5 ,         132 ,   225.00000000000000      ,   1.1218242493456210E-007
           5 ,         133 ,   227.00000000000000      ,   5.3243479750109124E-008
           5 ,         134 ,   229.00000000000000      ,   9.5194969605000290E-008
           5 ,         135 ,   230.00000000000000      ,   4.5180974788706918E-008
           5 ,         136 ,   232.00000000000000      ,   8.0779811870851370E-008
           5 ,         137 ,   234.00000000000000      ,   3.8339318154251290E-008
           5 ,         138 ,   235.00000000000000      ,   6.8547446914826726E-008
           5 ,         139 ,   237.00000000000000      ,   3.2533648357778444E-008
           5 ,         140 ,   239.00000000000000      ,   5.8167357114974338E-008
           5 ,         141 ,   240.00000000000000      ,   2.7607096437023970E-008
           5 ,         142 ,   242.00000000000000      ,   4.9359065369680710E-008
           5 ,         143 ,   244.00000000000000      ,   2.3426543702305402E-008
           5 ,         144 ,   245.00000000000000      ,   4.1884567796718342E-008
           5 ,         145 ,   247.00000000000000      ,   1.9879029639416346E-008
           5 ,         146 ,   249.00000000000000      ,   3.5541899725405335E-008
           5 ,         147 ,   250.00000000000000      ,   1.6868701459976654E-008
           5 ,         148 ,   252.00000000000000      ,   3.0159680839553227E-008
           5 ,         149 ,   254.00000000000000      ,   1.4314216917679645E-008
           5 ,         150 ,   255.00000000000000      ,   2.5592476514749163E-008
           5 ,         151 ,   257.00000000000000      ,   1.2146552630029617E-008
           5 ,         152 ,   259.00000000000000      ,   2.1716877039723581E-008
           5 ,         153 ,   260.00000000000000      ,   1.0307133400250246E-008
           5 ,         154 ,   262.00000000000000      ,   1.8428155926578094E-008
           5 ,         155 ,   264.00000000000000      ,   8.7462568433387122E-009
           5 ,         156 ,   265.00000000000000      ,   1.5637447201705124E-008
           5 ,         157 ,   267.00000000000000      ,   7.4217447387434077E-009
           5 ,         158 ,   268.00000000000000      ,   1.3269338738908232E-008
           5 ,         159 ,   270.00000000000000      ,   6.2978048279843657E-009
           5 ,         160 ,   272.00000000000000      ,   1.1259838251023724E-008
           5 ,         161 ,   273.00000000000000      ,   5.3440665980994395E-009
           5 ,         162 ,   275.00000000000000      ,   9.5546434635690458E-009
           5 ,         163 ,   277.00000000000000      ,   4.5347568113779380E-009
           5 ,         164 ,   278.00000000000000      ,   8.1076744398028699E-009
           5 ,         165 ,   280.00000000000000      ,   3.8480046705459403E-009
           5 ,         166 ,   282.00000000000000      ,   6.8798282730486715E-009
           5 ,         167 ,   283.00000000000000      ,   3.2652519819931225E-009
           5 ,         168 ,   285.00000000000000      ,   5.8379236965444559E-009
           5 ,         169 ,   287.00000000000000      ,   2.7707499515236544E-009
           5 ,         170 ,   288.00000000000000      ,   4.9538032963897249E-009
           5 ,         171 ,   290.00000000000000      ,   2.3511341398080310E-009
           5 ,         172 ,   292.00000000000000      ,   4.2035731943890209E-009
           5 ,         173 ,   293.00000000000000      ,   1.9950662740776670E-009
           5 ,         174 ,   295.00000000000000      ,   3.5669603763721636E-009
           5 ,         175 ,   297.00000000000000      ,   1.6929207376226163E-009
           5 ,         176 ,   298.00000000000000      ,   3.0267555024832138E-009
           5 ,         177 ,   300.00000000000000      ,   1.4365330756535566E-009
           5 ,         178 ,   302.00000000000000      ,   2.5683609995719170E-009
           5 ,         179 ,   303.00000000000000      ,   1.2189734248033157E-009
           5 ,         180 ,   305.00000000000000      ,   2.1793876477799179E-009
           5 ,         181 ,   307.00000000000000      ,   1.0343621120213753E-009
           5 ,         182 ,   308.00000000000000      ,   1.8493227574301052E-009
           5 ,         183 ,   310.00000000000000      ,   8.7770870606240781E-010
           5 ,         184 ,   312.00000000000000      ,   1.5692432492331321E-009
           5 ,         185 ,   313.00000000000000      ,   7.4477971706565782E-010
           5 ,         186 ,   315.00000000000000      ,   1.3315801343505296E-009
           5 ,         187 ,   317.00000000000000      ,   6.3197840884099410E-010
           5 ,         188 ,   318.00000000000000      ,   1.1299040800216709E-009
           5 ,         189 ,   320.00000000000000      ,   5.3626160022995917E-010
           5 ,         190 ,   322.00000000000000      ,   9.5877255440468545E-010
           5 ,         191 ,   323.00000000000000      ,   4.5503962707235668E-010
           5 ,         192 ,   325.00000000000000      ,   8.1355606453004103E-010
           5 ,         193 ,   327.00000000000000      ,   3.8611969394378165E-010
           5 ,         194 ,   328.00000000000000      ,   6.9033513974692262E-010
           5 ,         195 ,   330.00000000000000      ,   3.2763823425152605E-010
           5 ,         196 ,   332.00000000000000      ,   5.8577836505036007E-010
           5 ,         197 ,   333.00000000000000      ,   2.7801409265004740E-010
           5 ,         198 ,   335.00000000000000      ,   4.9705625379536933E-010
           5 ,         199 ,   337.00000000000000      ,   2.3590597617723086E-010
           5 ,         200 ,   338.00000000000000      ,   4.2177135915755226E-010
           5 ,         201 ,   340.00000000000000      ,   2.0017487927653788E-010
           5 ,         202 ,   342.00000000000000      ,   3.5788872906894476E-010
           5 ,         203 ,   343.00000000000000      ,   1.6985720295570328E-010
           5 ,         204 ,   345.00000000000000      ,   3.0368431207239421E-010
           5 ,         205 ,   346.00000000000000      ,   1.4412999960189410E-010
           5 ,         206 ,   348.00000000000000      ,   2.5768669489889540E-010
           5 ,         207 ,   350.00000000000000      ,   1.2229931997675969E-010
           5 ,         208 ,   351.00000000000000      ,   2.1865608976212592E-010
           5 ,         209 ,   353.00000000000000      ,   1.0376823749227992E-010
           5 ,         210 ,   355.00000000000000      ,   1.8552568856189389E-010
           5 ,         211 ,   356.00000000000000      ,   8.8045145826831650E-011
           5 ,         212 ,   358.00000000000000      ,   1.5741427258908480E-010
           5 ,         213 ,   360.00000000000000      ,   7.4704308711259770E-011
           5 ,         214 ,   361.00000000000000      ,   1.3356291420074662E-010
           5 ,         215 ,   363.00000000000000      ,   6.3385715079466998E-011
           5 ,         216 ,   365.00000000000000      ,   1.1332581921486007E-010
           5 ,         217 ,   366.00000000000000      ,   5.3780718593798849E-011
           5 ,         218 ,   368.00000000000000      ,   9.6153165290990827E-011
           5 ,         219 ,   369.00000000000000      ,   4.5631816901481326E-011
           5 ,         220 ,   371.00000000000000      ,   8.1569997284480777E-011
           5 ,         221 ,   373.00000000000000      ,   3.8711286780290788E-011
           5 ,         222 ,   374.00000000000000      ,   6.9197978944113281E-011
           5 ,         223 ,   376.00000000000000      ,   3.2839803792983346E-011
           5 ,         224 ,   378.00000000000000      ,   5.8702862015813650E-011
           5 ,         225 ,   379.00000000000000      ,   2.7859931375773250E-011
           5 ,         226 ,   381.00000000000000      ,   4.9801506668556428E-011
           5 ,         227 ,   383.00000000000000      ,   2.3635070896949051E-011
           5 ,         228 ,   384.00000000000000      ,   4.2250206805372059E-011
           5 ,         229 ,   386.00000000000000      ,   2.0051932336784262E-011
           5 ,         230 ,   388.00000000000000      ,   3.5844823637054546E-011
           5 ,         231 ,   389.00000000000000      ,   1.7011867609051379E-011
           5 ,         232 ,   391.00000000000000      ,   3.0411248172490524E-011
           5 ,         233 ,   392.00000000000000      ,   1.4432664265096040E-011
           5 ,         234 ,   394.00000000000000      ,   2.5795546254592239E-011
           5 ,         235 ,   396.00000000000000      ,   1.2241993876949131E-011
           5 ,         236 ,   397.00000000000000      ,   2.1879546785452675E-011
           5 ,         237 ,   399.00000000000000      ,   1.0384058196644119E-011
           5 ,         238 ,   401.00000000000000      ,   1.8558633796406099E-011
           5 ,         239 ,   402.00000000000000      ,   8.8090333638657370E-012
           5 ,         240 ,   404.00000000000000      ,   1.5744036283016349E-011
           5 ,         241 ,   406.00000000000000      ,   7.4719353967966917E-012
           5 ,         242 ,   407.00000000000000      ,   1.3354133771015242E-011
           5 ,         243 ,   409.00000000000000      ,   6.3387142756887727E-012
           5 ,         244 ,   411.00000000000000      ,   1.1328238694319204E-011
           5 ,         245 ,   412.00000000000000      ,   5.3769922542246107E-012
           5 ,         246 ,   414.00000000000000      ,   9.6092179352469387E-012
           5 ,         247 ,   416.00000000000000      ,   4.5615690044686907E-012
           5 ,         248 ,   417.00000000000000      ,   8.1518940903135828E-012
           5 ,         249 ,   419.00000000000000      ,   3.8699338872349998E-012
           5 ,         250 ,   420.00000000000000      ,   6.9163268862082461E-012
           5 ,         251 ,   422.00000000000000      ,   3.2830405061190504E-012
           5 ,         252 ,   424.00000000000000      ,   5.8673847030954462E-012
           5 ,         253 ,   425.00000000000000      ,   2.7842944963496485E-012
           5 ,         254 ,   427.00000000000000      ,   4.9772824750604627E-012
           5 ,         255 ,   429.00000000000000      ,   2.3629240925027162E-012
           5 ,         256 ,   430.00000000000000      ,   4.2210904910300329E-012
           5 ,         257 ,   432.00000000000000      ,   2.0034113257239028E-012
           5 ,         258 ,   434.00000000000000      ,   3.5793625008384566E-012
           5 ,         259 ,   435.00000000000000      ,   1.6981928016579495E-012
           5 ,         260 ,   437.00000000000000      ,   3.0334675743537431E-012
           5 ,         261 ,   439.00000000000000      ,   1.4393581812544021E-012
           5 ,         262 ,   440.00000000000000      ,   2.5716321433444378E-012
           5 ,         263 ,   442.00000000000000      ,   1.2216989572766401E-012
           5 ,         264 ,   444.00000000000000      ,   2.1816281420283801E-012
           5 ,         265 ,   445.00000000000000      ,   1.0368251396331019E-012
           5 ,         266 ,   447.00000000000000      ,   1.8514096505883870E-012
           5 ,         267 ,   448.00000000000000      ,   8.8119962715627054E-013
           5 ,         268 ,   450.00000000000000      ,   1.5723099905384785E-012
           5 ,         269 ,   452.00000000000000      ,   7.4837792213289234E-013
           5 ,         270 ,   453.00000000000000      ,   1.3350397176647988E-012
           5 ,         271 ,   455.00000000000000      ,   6.3587156373667852E-013
           5 ,         272 ,   457.00000000000000      ,   1.1350694689715723E-012
           5 ,         273 ,   458.00000000000000      ,   5.4168735469373175E-013
           5 ,         274 ,   460.00000000000000      ,   9.6746048672269325E-013
           5 ,         275 ,   462.00000000000000      ,   4.6169231632253727E-013
           5 ,         276 ,   463.00000000000000      ,   8.2383752597614546E-013
           5 ,         277 ,   465.00000000000000      ,   3.8990425471618906E-013
           5 ,         278 ,   467.00000000000000      ,   6.7976353712584370E-013
           5 ,         279 ,   468.00000000000000      ,   3.2303326680249711E-013
           5 ,         280 ,   470.00000000000000      ,   5.6302185136303251E-013
           5 ,         281 ,   472.00000000000000      ,   2.6062312030727952E-013
           5 ,         282 ,   473.00000000000000      ,   4.5473867726908423E-013
           5 ,         283 ,   475.00000000000000      ,   2.0982174331329873E-013
           5 ,         284 ,   476.00000000000000      ,   3.6582889495484494E-013
           5 ,         285 ,   478.00000000000000      ,   1.6973401850695069E-013
           5 ,         286 ,   480.00000000000000      ,   2.9621964603432360E-013
           5 ,         287 ,   481.00000000000000      ,   1.3703534834652586E-013
           5 ,         288 ,   483.00000000000000      ,   2.4026267086973974E-013
           5 ,         289 ,   485.00000000000000      ,   1.1111511016848041E-013
           5 ,         290 ,   486.00000000000000      ,   1.9644355586656559E-013
           5 ,         291 ,   488.00000000000000      ,   9.0727772517062988E-014
           5 ,         292 ,   490.00000000000000      ,   1.6112632061915377E-013
           5 ,         293 ,   491.00000000000000      ,   7.4001568761694614E-014
           5 ,         294 ,   493.00000000000000      ,   1.3153714228941737E-013
           5 ,         295 ,   495.00000000000000      ,   5.9163611509926994E-014
           5 ,         296 ,   496.00000000000000      ,   1.0688845641926292E-013
           5 ,         297 ,   498.00000000000000      ,   4.7795968571850977E-014
           5 ,         298 ,   500.00000000000000      ,   8.5733503629725760E-014
           5 ,         299 ,   501.00000000000000      ,   3.7866411395359734E-014
           5 ,         300 ,   503.00000000000000      ,   6.9347305675648840E-014
           5 ,         301 ,   504.00000000000000      ,   2.3226212619853470E-014
           5 ,         302 ,   506.00000000000000      ,   4.2308170855598348E-014
           5 ,         303 ,   508.00000000000000      ,   1.1658209120302132E-014
           5 ,         304 ,   509.00000000000000      ,   1.7711526689723200E-014
           5 ,         305 ,   511.00000000000000      ,   3.6776137690708310E-015
           5 ,         306 ,   513.00000000000000      ,   3.5266928266608488E-015
           5 ,         307 ,   514.00000000000000      ,   4.2379294518113397E-015
           5 ,         308 ,   516.00000000000000      ,   3.3900833529276753E-015
           5 ,         309 ,   518.00000000000000      ,   4.4408920985006262E-015
           5 ,         310 ,   519.00000000000000      ,   3.5952144039619327E-015
           5 ,         311 ,   521.00000000000000      ,   3.5631220196563618E-015
           5 ,         312 ,   523.00000000000000      ,   3.5119476771150460E-015
           5 ,         313 ,   524.00000000000000      ,   4.1251724258728473E-015
           5 ,         314 ,   526.00000000000000      ,   3.5934796804859559E-015
           5 ,         315 ,   528.00000000000000      ,   3.7782277306774859E-015
           5 ,         316 ,   529.00000000000000      ,   3.6030206596038283E-015
           5 ,         317 ,   531.00000000000000      ,   3.6914915568786455E-015
           5 ,         318 ,   532.00000000000000      ,   3.3029134982598407E-015
           5 ,         319 ,   534.00000000000000      ,   4.1338460432527313E-015
           5 ,         320 ,   536.00000000000000      ,   3.0340313594834356E-015
           5 ,         321 ,   537.00000000000000      ,   4.0956821267812415E-015
           5 ,         322 ,   539.00000000000000      ,   3.1329105976141136E-015
           5 ,         323 ,   541.00000000000000      ,   3.2560759644084669E-015
           5 ,         324 ,   542.00000000000000      ,   3.8771069688081639E-015
           5 ,         325 ,   544.00000000000000      ,   4.0176195703622852E-015
           5 ,         326 ,   546.00000000000000      ,   3.3653635433950058E-015
           5 ,         327 ,   547.00000000000000      ,   3.4330177589581012E-015
           5 ,         328 ,   549.00000000000000      ,   3.4312830354821244E-015
           5 ,         329 ,   551.00000000000000      ,   4.1269071493488241E-015
           5 ,         330 ,   552.00000000000000      ,   3.5128150388530344E-015
           5 ,         331 ,   554.00000000000000      ,   3.5388358909926865E-015
           5 ,         332 ,   556.00000000000000      ,   3.5336317205647561E-015
           5 ,         333 ,   557.00000000000000      ,   3.6446540230272717E-015
           5 ,         334 ,   559.00000000000000      ,   3.6802158542847963E-015
           5 ,         335 ,   560.00000000000000      ,   3.6030206596038283E-015
           5 ,         336 ,   562.00000000000000      ,   3.4017927363905187E-015
           5 ,         337 ,   564.00000000000000      ,   3.8233305410528828E-015
           5 ,         338 ,   565.00000000000000      ,   3.5414379762066517E-015
           5 ,         339 ,   567.00000000000000      ,   3.6637359812630166E-015
           5 ,         340 ,   569.00000000000000      ,   3.9135361618036768E-015
           5 ,         341 ,   570.00000000000000      ,   4.0904779563533111E-015
           5 ,         342 ,   572.00000000000000      ,   3.4174052476743100E-015
           5 ,         343 ,   574.00000000000000      ,   3.9100667148517232E-015
           5 ,         344 ,   575.00000000000000      ,   3.5466421466345821E-015
           5 ,         345 ,   577.00000000000000      ,   3.8493513931925349E-015
           5 ,         346 ,   579.00000000000000      ,   3.2022995366531859E-015
           5 ,         347 ,   580.00000000000000      ,   3.7140429620663440E-015
           5 ,         348 ,   582.00000000000000      ,   3.6056227448177935E-015
           5 ,         349 ,   584.00000000000000      ,   4.1910919179599659E-015
           5 ,         350 ,   585.00000000000000      ,   3.7452679846339265E-015
