           3 ,           2 ,   4.0000000000000000      ,  0.43361722309754147     
           3 ,           3 ,   6.0000000000000000      ,  0.31007343060997095     
           3 ,           4 ,   7.0000000000000000      ,  0.19668303172720425     
           3 ,           5 ,   9.0000000000000000      ,  0.13269318853233314     
           3 ,           6 ,   10.000000000000000      ,  0.11818520716126396     
           3 ,           7 ,   12.000000000000000      ,   9.7845189879772754E-002
           3 ,           8 ,   14.000000000000000      ,   9.8323033795228776E-002
           3 ,           9 ,   15.000000000000000      ,   9.3340495735720577E-002
           3 ,          10 ,   17.000000000000000      ,   4.1252422257689624E-002
           3 ,          11 ,   19.000000000000000      ,   8.4750891895645719E-002
           3 ,          12 ,   20.000000000000000      ,   6.0865133622082818E-002
           3 ,          13 ,   22.000000000000000      ,   3.3300812153471950E-002
           3 ,          14 ,   24.000000000000000      ,   2.9177465290695079E-002
           3 ,          15 ,   25.000000000000000      ,   4.5624425387418233E-002
           3 ,          16 ,   27.000000000000000      ,   1.9673373421233039E-002
           3 ,          17 ,   29.000000000000000      ,   2.6470421259466824E-002
           3 ,          18 ,   30.000000000000000      ,   2.7973197975539755E-002
           3 ,          19 ,   32.000000000000000      ,   1.4900369140779610E-002
           3 ,          20 ,   33.000000000000000      ,   1.6517540247160380E-002
           3 ,          21 ,   35.000000000000000      ,   5.0873583493161491E-003
           3 ,          22 ,   37.000000000000000      ,   4.6160255217881909E-003
           3 ,          23 ,   38.000000000000000      ,   1.3585671301494613E-003
           3 ,          24 ,   40.000000000000000      ,   1.2137150284471541E-003
           3 ,          25 ,   42.000000000000000      ,   3.6887664607184248E-004
           3 ,          26 ,   43.000000000000000      ,   6.6157534340876255E-004
           3 ,          27 ,   45.000000000000000      ,   3.1502196551797283E-004
           3 ,          28 ,   47.000000000000000      ,   5.6450230465998792E-004
           3 ,          29 ,   48.000000000000000      ,   2.6858823519706511E-004
           3 ,          30 ,   50.000000000000000      ,   4.8097068300017448E-004
           3 ,          31 ,   52.000000000000000      ,   2.2870392919328505E-004
           3 ,          32 ,   53.000000000000000      ,   4.0935587998509881E-004
           3 ,          33 ,   55.000000000000000      ,   1.9456011003288198E-004
           3 ,          34 ,   56.000000000000000      ,   3.4813187677077209E-004
           3 ,          35 ,   58.000000000000000      ,   1.6540317894520994E-004
           3 ,          36 ,   60.000000000000000      ,   2.9589871333999748E-004
           3 ,          37 ,   61.000000000000000      ,   1.4054914974653224E-004
           3 ,          38 ,   63.000000000000000      ,   2.5140107082969113E-004
           3 ,          39 ,   65.000000000000000      ,   1.1938938964182631E-004
           3 ,          40 ,   66.000000000000000      ,   2.1353198098027736E-004
           3 ,          41 ,   68.000000000000000      ,   1.0139021429107125E-004
           3 ,          42 ,   70.000000000000000      ,   1.8132703665261519E-004
           3 ,          43 ,   71.000000000000000      ,   8.6088618189979899E-005
           3 ,          44 ,   73.000000000000000      ,   1.5395305004706900E-004
           3 ,          45 ,   75.000000000000000      ,   7.3085817862551198E-005
           3 ,          46 ,   76.000000000000000      ,   1.3069415749013963E-004
           3 ,          47 ,   78.000000000000000      ,   6.2039937003229625E-005
           3 ,          48 ,   80.000000000000000      ,   1.1093746524610745E-004
           3 ,          49 ,   82.000000000000000      ,   5.2658735287795626E-005
           3 ,          50 ,   83.000000000000000      ,   9.4159436140507299E-005
           3 ,          51 ,   85.000000000000000      ,   4.4692863159398813E-005
           3 ,          52 ,   87.000000000000000      ,   7.9913552935599250E-005
           3 ,          53 ,   89.000000000000000      ,   3.7929831356993578E-005
           3 ,          54 ,   91.000000000000000      ,   6.7819408754039509E-005
           3 ,          55 ,   92.000000000000000      ,   3.2188723897591878E-005
           3 ,          56 ,   94.000000000000000      ,   5.7553188319965642E-005
           3 ,          57 ,   96.000000000000000      ,   2.7315611407049533E-005
           3 ,          58 ,   98.000000000000000      ,   4.8839427269131708E-005
           3 ,          59 ,   99.000000000000000      ,   2.3179595876337330E-005
           3 ,          60 ,   101.00000000000000      ,   4.1443912873516744E-005
           3 ,          61 ,   103.00000000000000      ,   1.9669412706676062E-005
           3 ,          62 ,   105.00000000000000      ,   3.5167588584078188E-005
           3 ,          63 ,   107.00000000000000      ,   1.6690519080274184E-005
           3 ,          64 ,   108.00000000000000      ,   2.9841333287041263E-005
           3 ,          65 ,   110.00000000000000      ,   1.4162603873151859E-005
           3 ,          66 ,   112.00000000000000      ,   2.5321498177461113E-005
           3 ,          67 ,   114.00000000000000      ,   1.2017461276394269E-005
           3 ,          68 ,   115.00000000000000      ,   2.1486096890073469E-005
           3 ,          69 ,   117.00000000000000      ,   1.0197177205728374E-005
           3 ,          70 ,   119.00000000000000      ,   1.8231557144374536E-005
           3 ,          71 ,   121.00000000000000      ,   8.6525839989937472E-006
           3 ,          72 ,   123.00000000000000      ,   1.5469953720235324E-005
           3 ,          73 ,   124.00000000000000      ,   7.3419447601504387E-006
           3 ,          74 ,   126.00000000000000      ,   1.3126653258272586E-005
           3 ,          75 ,   128.00000000000000      ,   6.2298339587396959E-006
           3 ,          76 ,   129.00000000000000      ,   1.1138310817894806E-005
           3 ,          77 ,   131.00000000000000      ,   5.2861855193335819E-006
           3 ,          78 ,   133.00000000000000      ,   9.4511665254537469E-006
           3 ,          79 ,   134.00000000000000      ,   4.4854836820313118E-006
           3 ,          80 ,   136.00000000000000      ,   8.0195979303525344E-006
           3 ,          81 ,   138.00000000000000      ,   3.8060754781930016E-006
           3 ,          82 ,   139.00000000000000      ,   6.8048901050721256E-006
           3 ,          83 ,   141.00000000000000      ,   3.2295867096751932E-006
           3 ,          84 ,   143.00000000000000      ,   5.7741910188518347E-006
           3 ,          85 ,   144.00000000000000      ,   2.7404259618606097E-006
           3 ,          86 ,   146.00000000000000      ,   4.8996244620836543E-006
           3 ,          87 ,   148.00000000000000      ,   2.3253634756498220E-006
           3 ,          88 ,   149.00000000000000      ,   4.1575369082343105E-006
           3 ,          89 ,   151.00000000000000      ,   1.9731736242856873E-006
           3 ,          90 ,   153.00000000000000      ,   3.5278581722204827E-006
           3 ,          91 ,   154.00000000000000      ,   1.6743314390841972E-006
           3 ,          92 ,   156.00000000000000      ,   2.9935587455634516E-006
           3 ,          93 ,   158.00000000000000      ,   1.4207550276552211E-006
           3 ,          94 ,   159.00000000000000      ,   2.5401892161935891E-006
           3 ,          95 ,   161.00000000000000      ,   1.2055869809532091E-006
           3 ,          96 ,   162.00000000000000      ,   2.1554894225565141E-006
           3 ,          97 ,   164.00000000000000      ,   1.0230088626074323E-006
           3 ,          98 ,   166.00000000000000      ,   1.8290567557512072E-006
           3 ,          99 ,   167.00000000000000      ,   8.6808378958920518E-007
           3 ,         100 ,   169.00000000000000      ,   1.5520647130978782E-006
           3 ,         101 ,   171.00000000000000      ,   7.3662286543575706E-007
           3 ,         102 ,   173.00000000000000      ,   1.3170240849933595E-006
           3 ,         103 ,   174.00000000000000      ,   6.2507183506196190E-007
           3 ,         104 ,   176.00000000000000      ,   1.1175803135594908E-006
           3 ,         105 ,   177.00000000000000      ,   5.3041492332258494E-007
           3 ,         106 ,   179.00000000000000      ,   9.4834156075078446E-007
           3 ,         107 ,   181.00000000000000      ,   4.5009323565003284E-007
           3 ,         108 ,   182.00000000000000      ,   8.0473282810036850E-007
           3 ,         109 ,   184.00000000000000      ,   3.8193553450038137E-007
           3 ,         110 ,   186.00000000000000      ,   6.8287219347207273E-007
           3 ,         111 ,   187.00000000000000      ,   3.2409949633858265E-007
           3 ,         112 ,   189.00000000000000      ,   5.7946578353208766E-007
           3 ,         113 ,   191.00000000000000      ,   2.7502187507607093E-007
           3 ,         114 ,   192.00000000000000      ,   4.9171867984830475E-007
           3 ,         115 ,   194.00000000000000      ,   2.3337622029936250E-007
           3 ,         116 ,   196.00000000000000      ,   4.1725932442039648E-007
           3 ,         117 ,   197.00000000000000      ,   1.9803699913886058E-007
           3 ,         118 ,   199.00000000000000      ,   3.5407537263623667E-007
           3 ,         119 ,   201.00000000000000      ,   1.6804915801710979E-007
           3 ,         120 ,   202.00000000000000      ,   3.0045927718047594E-007
           3 ,         121 ,   204.00000000000000      ,   1.4260229583111517E-007
           3 ,         122 ,   206.00000000000000      ,   2.5496211176166683E-007
           3 ,         123 ,   207.00000000000000      ,   1.2100875077664108E-007
           3 ,         124 ,   209.00000000000000      ,   2.1635439737335838E-007
           3 ,         125 ,   211.00000000000000      ,   1.0268500592099800E-007
           3 ,         126 ,   212.00000000000000      ,   1.8359285164186445E-007
           3 ,         127 ,   214.00000000000000      ,   8.7135916594129059E-008
           3 ,         128 ,   216.00000000000000      ,   1.5579219481490214E-007
           3 ,         129 ,   217.00000000000000      ,   7.3941325630030863E-008
           3 ,         130 ,   219.00000000000000      ,   1.3220121676538188E-007
           3 ,         131 ,   221.00000000000000      ,   6.2744699999041365E-008
           3 ,         132 ,   222.00000000000000      ,   1.1218246428849887E-007
           3 ,         133 ,   224.00000000000000      ,   5.3243498124300181E-008
           3 ,         134 ,   226.00000000000000      ,   9.5195013099722003E-008
           3 ,         135 ,   227.00000000000000      ,   4.5180995625337950E-008
           3 ,         136 ,   229.00000000000000      ,   8.0779858002352767E-008
           3 ,         137 ,   231.00000000000000      ,   3.8339340804102034E-008
           3 ,         138 ,   232.00000000000000      ,   6.8547495131465741E-008
           3 ,         139 ,   234.00000000000000      ,   3.2533671926165270E-008
           3 ,         140 ,   236.00000000000000      ,   5.8167403860567846E-008
           3 ,         141 ,   237.00000000000000      ,   2.7607118291937682E-008
           3 ,         142 ,   239.00000000000000      ,   4.9359108068164348E-008
           3 ,         143 ,   241.00000000000000      ,   2.3426564019386753E-008
           3 ,         144 ,   242.00000000000000      ,   4.1884608992931449E-008
           3 ,         145 ,   244.00000000000000      ,   1.9879050458700143E-008
           3 ,         146 ,   246.00000000000000      ,   3.5541940154870666E-008
           3 ,         147 ,   247.00000000000000      ,   1.6868720184581854E-008
           3 ,         148 ,   249.00000000000000      ,   3.0159717110886386E-008
           3 ,         149 ,   251.00000000000000      ,   1.4314234690789018E-008
           3 ,         150 ,   252.00000000000000      ,   2.5592510444205629E-008
           3 ,         151 ,   254.00000000000000      ,   1.2146568645864109E-008
           3 ,         152 ,   256.00000000000000      ,   2.1716907926475071E-008
           3 ,         153 ,   257.00000000000000      ,   1.0307147745546030E-008
           3 ,         154 ,   259.00000000000000      ,   1.8428183262350628E-008
           3 ,         155 ,   261.00000000000000      ,   8.7462702106841372E-009
           3 ,         156 ,   262.00000000000000      ,   1.5637473059493256E-008
           3 ,         157 ,   264.00000000000000      ,   7.4217574512307205E-009
           3 ,         158 ,   266.00000000000000      ,   1.3269362650336625E-008
           3 ,         159 ,   267.00000000000000      ,   6.2978172347266659E-009
           3 ,         160 ,   269.00000000000000      ,   1.1259861189272247E-008
           3 ,         161 ,   271.00000000000000      ,   5.3440783222280519E-009
           3 ,         162 ,   272.00000000000000      ,   9.5546646428079640E-009
           3 ,         163 ,   274.00000000000000      ,   4.5347679092713755E-009
           3 ,         164 ,   276.00000000000000      ,   8.1076944914715288E-009
           3 ,         165 ,   277.00000000000000      ,   3.8480155125676652E-009
           3 ,         166 ,   279.00000000000000      ,   6.8798484478826971E-009
           3 ,         167 ,   281.00000000000000      ,   3.2652620620375605E-009
           3 ,         168 ,   282.00000000000000      ,   5.8379412987835666E-009
           3 ,         169 ,   284.00000000000000      ,   2.7707591403539067E-009
           3 ,         170 ,   286.00000000000000      ,   4.9538195646264827E-009
           3 ,         171 ,   287.00000000000000      ,   2.3511427396996631E-009
           3 ,         172 ,   289.00000000000000      ,   4.2035879846413771E-009
           3 ,         173 ,   291.00000000000000      ,   1.9950739098967274E-009
           3 ,         174 ,   292.00000000000000      ,   3.5669736955790121E-009
           3 ,         175 ,   294.00000000000000      ,   1.6929275052125770E-009
           3 ,         176 ,   296.00000000000000      ,   3.0267672708472748E-009
           3 ,         177 ,   298.00000000000000      ,   1.4365387889653247E-009
           3 ,         178 ,   299.00000000000000      ,   2.5683714269947311E-009
           3 ,         179 ,   301.00000000000000      ,   1.2189784034596918E-009
           3 ,         180 ,   303.00000000000000      ,   2.1793958322052776E-009
           3 ,         181 ,   305.00000000000000      ,   1.0343663972220418E-009
           3 ,         182 ,   306.00000000000000      ,   1.8493307250150304E-009
           3 ,         183 ,   308.00000000000000      ,   8.7771281909176935E-010
           3 ,         184 ,   310.00000000000000      ,   1.5692505420106251E-009
           3 ,         185 ,   312.00000000000000      ,   7.4478336649017041E-010
           3 ,         186 ,   313.00000000000000      ,   1.3315871287555847E-009
           3 ,         187 ,   315.00000000000000      ,   6.3198548174228653E-010
           3 ,         188 ,   317.00000000000000      ,   1.1299168840156470E-009
           3 ,         189 ,   319.00000000000000      ,   5.3627069885459067E-010
           3 ,         190 ,   320.00000000000000      ,   9.5878978541297233E-010
           3 ,         191 ,   322.00000000000000      ,   4.5505182955096757E-010
           3 ,         192 ,   324.00000000000000      ,   8.1357947635807282E-010
           3 ,         193 ,   326.00000000000000      ,   3.8613360512501638E-010
           3 ,         194 ,   327.00000000000000      ,   6.9036197591909598E-010
           3 ,         195 ,   329.00000000000000      ,   3.2765320925193242E-010
           3 ,         196 ,   331.00000000000000      ,   5.8580510060857183E-010
           3 ,         197 ,   333.00000000000000      ,   2.7802863917375520E-010
           3 ,         198 ,   334.00000000000000      ,   4.9708297027162285E-010
           3 ,         199 ,   336.00000000000000      ,   2.3592118016113606E-010
           3 ,         200 ,   338.00000000000000      ,   4.2179904360950538E-010
           3 ,         201 ,   340.00000000000000      ,   2.0018961488510456E-010
           3 ,         202 ,   342.00000000000000      ,   3.5791553922026598E-010
           3 ,         203 ,   343.00000000000000      ,   1.6987096538439994E-010
           3 ,         204 ,   345.00000000000000      ,   3.0370875953034115E-010
           3 ,         205 ,   347.00000000000000      ,   1.4414268823675913E-010
           3 ,         206 ,   349.00000000000000      ,   2.5771024377008178E-010
           3 ,         207 ,   350.00000000000000      ,   1.2231219769648360E-010
           3 ,         208 ,   352.00000000000000      ,   2.1867982077927728E-010
           3 ,         209 ,   354.00000000000000      ,   1.0378733636406956E-010
           3 ,         210 ,   356.00000000000000      ,   1.8555911494855248E-010
           3 ,         211 ,   357.00000000000000      ,   8.8068909803729056E-011
           3 ,         212 ,   359.00000000000000      ,   1.5745707168668410E-010
           3 ,         213 ,   361.00000000000000      ,   7.4729877667933930E-011
           3 ,         214 ,   363.00000000000000      ,   1.3360776374149452E-010
           3 ,         215 ,   364.00000000000000      ,   6.3411370338634088E-011
           3 ,         216 ,   366.00000000000000      ,   1.1337237572350833E-010
           3 ,         217 ,   368.00000000000000      ,   5.3807628925400808E-011
           3 ,         218 ,   369.00000000000000      ,   9.6200981208882652E-011
           3 ,         219 ,   371.00000000000000      ,   4.5658493479094897E-011
           3 ,         220 ,   373.00000000000000      ,   8.1632698864519959E-011
           3 ,         221 ,   374.00000000000000      ,   3.8743035255667246E-011
           3 ,         222 ,   376.00000000000000      ,   6.9267674929207601E-011
           3 ,         223 ,   377.00000000000000      ,   3.2875317919345282E-011
           3 ,         224 ,   379.00000000000000      ,   5.8777380532171186E-011
           3 ,         225 ,   381.00000000000000      ,   2.7896837617724657E-011
           3 ,         226 ,   382.00000000000000      ,   4.9876209065602417E-011
           3 ,         227 ,   384.00000000000000      ,   2.3671213860571028E-011
           3 ,         228 ,   386.00000000000000      ,   4.2321144852475179E-011
           3 ,         229 ,   387.00000000000000      ,   2.0086733491797570E-011
           3 ,         230 ,   389.00000000000000      ,   3.5912718979180802E-011
           3 ,         231 ,   391.00000000000000      ,   1.7044609647298703E-011
           3 ,         232 ,   392.00000000000000      ,   3.0473765871841252E-011
           3 ,         233 ,   394.00000000000000      ,   1.4462868402898010E-011
           3 ,         234 ,   396.00000000000000      ,   2.5857831500997186E-011
           3 ,         235 ,   397.00000000000000      ,   1.2272040154914787E-011
           3 ,         236 ,   399.00000000000000      ,   2.1941053141016909E-011
           3 ,         237 ,   401.00000000000000      ,   1.0413872021663995E-011
           3 ,         238 ,   402.00000000000000      ,   1.8619043806733515E-011
           3 ,         239 ,   404.00000000000000      ,   8.8364307190835767E-012
           3 ,         240 ,   406.00000000000000      ,   1.5798883035156308E-011
           3 ,         241 ,   407.00000000000000      ,   7.4987698342465769E-012
           3 ,         242 ,   409.00000000000000      ,   1.3406432214368991E-011
           3 ,         243 ,   411.00000000000000      ,   6.3627081034467459E-012
           3 ,         244 ,   412.00000000000000      ,   1.1375799607860060E-011
           3 ,         245 ,   414.00000000000000      ,   5.3992183987605635E-012
           3 ,         246 ,   415.00000000000000      ,   9.6531446031056234E-012
           3 ,         247 ,   417.00000000000000      ,   4.5812442381332197E-012
           3 ,         248 ,   419.00000000000000      ,   8.1907709781336990E-012
           3 ,         249 ,   420.00000000000000      ,   3.8874702068536493E-012
           3 ,         250 ,   422.00000000000000      ,   6.9503690997008150E-012
           3 ,         251 ,   424.00000000000000      ,   3.2989149606477142E-012
           3 ,         252 ,   425.00000000000000      ,   5.8979696127003933E-012
           3 ,         253 ,   427.00000000000000      ,   2.7999625187846711E-012
           3 ,         254 ,   429.00000000000000      ,   5.0058551054332767E-012
           3 ,         255 ,   430.00000000000000      ,   2.3751183311770951E-012
           3 ,         256 ,   432.00000000000000      ,   4.2466394983842193E-012
           3 ,         257 ,   434.00000000000000      ,   2.0150625959503010E-012
           3 ,         258 ,   435.00000000000000      ,   3.6022400340396388E-012
           3 ,         259 ,   437.00000000000000      ,   1.7103011715202676E-012
           3 ,         260 ,   439.00000000000000      ,   3.0581943227803166E-012
           3 ,         261 ,   440.00000000000000      ,   1.4514466017967464E-012
           3 ,         262 ,   442.00000000000000      ,   2.5950890741865962E-012
           3 ,         263 ,   443.00000000000000      ,   1.2313483566117611E-012
           3 ,         264 ,   445.00000000000000      ,   2.2017717510314228E-012
           3 ,         265 ,   447.00000000000000      ,   1.0449653295441230E-012
           3 ,         266 ,   448.00000000000000      ,   1.8684290226111955E-012
           3 ,         267 ,   450.00000000000000      ,   8.8705258416421628E-013
           3 ,         268 ,   452.00000000000000      ,   1.5855424612132296E-012
           3 ,         269 ,   453.00000000000000      ,   7.5224895756953458E-013
           3 ,         270 ,   455.00000000000000      ,   1.3449675401178141E-012
           3 ,         271 ,   457.00000000000000      ,   6.3849880244104540E-013
           3 ,         272 ,   458.00000000000000      ,   1.1410646733045482E-012
           3 ,         273 ,   460.00000000000000      ,   5.4195710419424614E-013
           3 ,         274 ,   462.00000000000000      ,   9.6928368109594487E-013
           3 ,         275 ,   463.00000000000000      ,   4.5952911614799419E-013
           3 ,         276 ,   465.00000000000000      ,   1.1054525350662203E-015
           3 ,         277 ,   466.00000000000000      ,   1.2640236080052603E-013
           3 ,         278 ,   468.00000000000000      ,   5.5077470362263625E-016
           3 ,         279 ,   470.00000000000000      ,   7.1559078107519269E-014
           3 ,         280 ,   471.00000000000000      ,   8.7603535536828758E-016
           3 ,         281 ,   473.00000000000000      ,   4.1069578293750908E-014
           3 ,         282 ,   475.00000000000000      ,   8.2659573630294858E-016
           3 ,         283 ,   476.00000000000000      ,   2.2749163663959848E-014
           3 ,         284 ,   478.00000000000000      ,   9.9963440303163509E-016
           3 ,         285 ,   480.00000000000000      ,   1.2985272579424390E-014
           3 ,         286 ,   481.00000000000000      ,   1.6345431952391465E-015
           3 ,         287 ,   483.00000000000000      ,   7.9762585425413590E-015
           3 ,         288 ,   485.00000000000000      ,   4.0939474033052647E-016
           3 ,         289 ,   486.00000000000000      ,   4.3437475838459250E-015
           3 ,         290 ,   488.00000000000000      ,   6.0888794006785929E-016
           3 ,         291 ,   490.00000000000000      ,   2.8744367996935694E-015
           3 ,         292 ,   491.00000000000000      ,   7.4463005206304445E-016
           3 ,         293 ,   493.00000000000000      ,   1.6037518535405582E-015
           3 ,         294 ,   494.00000000000000      ,   5.1174342541315809E-016
           3 ,         295 ,   496.00000000000000      ,   6.8868521996279242E-016
           3 ,         296 ,   498.00000000000000      ,   5.9284174791507382E-016
           3 ,         297 ,   499.00000000000000      ,   1.2611439670351388E-015
           3 ,         298 ,   501.00000000000000      ,   9.4152116658641205E-016
           3 ,         299 ,   503.00000000000000      ,   9.7144514654701197E-016
           3 ,         300 ,   504.00000000000000      ,   1.2724196696289880E-015
           3 ,         301 ,   506.00000000000000      ,   1.1353765150268202E-015
           3 ,         302 ,   508.00000000000000      ,   6.6439909129911712E-016
           3 ,         303 ,   509.00000000000000      ,   8.2225892761300656E-016
           3 ,         304 ,   511.00000000000000      ,   9.5453159265623810E-016
           3 ,         305 ,   513.00000000000000      ,   9.5409791178724390E-016
           3 ,         306 ,   514.00000000000000      ,   9.6147048656014533E-016
           3 ,         307 ,   516.00000000000000      ,   1.1102230246251565E-015
           3 ,         308 ,   517.00000000000000      ,   6.1409211049578971E-016
           3 ,         309 ,   519.00000000000000      ,   7.7368667028565596E-016
           3 ,         310 ,   521.00000000000000      ,   4.3021142204224816E-016
           3 ,         311 ,   522.00000000000000      ,   7.5113526509795747E-016
           3 ,         312 ,   524.00000000000000      ,   5.8243340705921298E-016
           3 ,         313 ,   526.00000000000000      ,   8.7430063189231078E-016
           3 ,         314 ,   527.00000000000000      ,   7.3639011555215461E-016
           3 ,         315 ,   529.00000000000000      ,   9.4195484745540625E-016
           3 ,         316 ,   531.00000000000000      ,   5.3949900102878701E-016
           3 ,         317 ,   532.00000000000000      ,   5.6118304447849710E-016
           3 ,         318 ,   534.00000000000000      ,   6.2710253656561576E-016
