           1 ,           2 ,   4.0000000000000000      ,  0.43361722309757056     
           1 ,           3 ,   6.0000000000000000      ,  0.31007343061000936     
           1 ,           4 ,   7.0000000000000000      ,  0.19668303172717710     
           1 ,           5 ,   9.0000000000000000      ,  0.13269318853230283     
           1 ,           6 ,   11.000000000000000      ,  0.11818520716134119     
           1 ,           7 ,   13.000000000000000      ,   9.7845189879501693E-002
           1 ,           8 ,   15.000000000000000      ,   9.8323033795154599E-002
           1 ,           9 ,   16.000000000000000      ,   9.3340495735557097E-002
           1 ,          10 ,   18.000000000000000      ,   4.1252422257812144E-002
           1 ,          11 ,   20.000000000000000      ,   8.4750891895501473E-002
           1 ,          12 ,   22.000000000000000      ,   6.0865133621936775E-002
           1 ,          13 ,   23.000000000000000      ,   3.3300812153263623E-002
           1 ,          14 ,   25.000000000000000      ,   2.9177465290727438E-002
           1 ,          15 ,   27.000000000000000      ,   4.5624425388256874E-002
           1 ,          16 ,   29.000000000000000      ,   1.9673373421644390E-002
           1 ,          17 ,   30.000000000000000      ,   2.6470421259855229E-002
           1 ,          18 ,   32.000000000000000      ,   2.7973197970785242E-002
           1 ,          19 ,   34.000000000000000      ,   1.4900369140924866E-002
           1 ,          20 ,   36.000000000000000      ,   1.6517540247102395E-002
           1 ,          21 ,   38.000000000000000      ,   5.0873583493575014E-003
           1 ,          22 ,   39.000000000000000      ,   4.6160255217683657E-003
           1 ,          23 ,   41.000000000000000      ,   1.3585671301534772E-003
           1 ,          24 ,   43.000000000000000      ,   1.2137150284281450E-003
           1 ,          25 ,   45.000000000000000      ,   3.6887664611828276E-004
           1 ,          26 ,   46.000000000000000      ,   6.6157534349171182E-004
           1 ,          27 ,   48.000000000000000      ,   3.1502196556674762E-004
           1 ,          28 ,   50.000000000000000      ,   5.6450230474662175E-004
           1 ,          29 ,   52.000000000000000      ,   2.6858823524565515E-004
           1 ,          30 ,   54.000000000000000      ,   4.8097068309275494E-004
           1 ,          31 ,   55.000000000000000      ,   2.2870392958197370E-004
           1 ,          32 ,   57.000000000000000      ,   4.0935588173679656E-004
           1 ,          33 ,   59.000000000000000      ,   1.9456011085179159E-004
           1 ,          34 ,   61.000000000000000      ,   3.4813187830662687E-004
           1 ,          35 ,   62.000000000000000      ,   1.6540317968152893E-004
           1 ,          36 ,   64.000000000000000      ,   2.9589871467202399E-004
           1 ,          37 ,   66.000000000000000      ,   1.4054915038582295E-004
           1 ,          38 ,   68.000000000000000      ,   2.5140107198272192E-004
           1 ,          39 ,   70.000000000000000      ,   1.1938939019535359E-004
           1 ,          40 ,   71.000000000000000      ,   2.1353198197736172E-004
           1 ,          41 ,   73.000000000000000      ,   1.0139021476943122E-004
           1 ,          42 ,   75.000000000000000      ,   1.8132703751306406E-004
           1 ,          43 ,   77.000000000000000      ,   8.6088618601602891E-005
           1 ,          44 ,   78.000000000000000      ,   1.5395305078611671E-004
           1 ,          45 ,   80.000000000000000      ,   7.3085818215972050E-005
           1 ,          46 ,   82.000000000000000      ,   1.3069415812498250E-004
           1 ,          47 ,   84.000000000000000      ,   6.2039937306627123E-005
           1 ,          48 ,   86.000000000000000      ,   1.1093746579101532E-004
           1 ,          49 ,   87.000000000000000      ,   5.2658735548593953E-005
           1 ,          50 ,   89.000000000000000      ,   9.4159436608020480E-005
           1 ,          51 ,   91.000000000000000      ,   4.4692863382762241E-005
           1 ,          52 ,   93.000000000000000      ,   7.9913553337687335E-005
           1 ,          53 ,   94.000000000000000      ,   3.7929831549145861E-005
           1 ,          54 ,   96.000000000000000      ,   6.7819409098364772E-005
           1 ,          55 ,   98.000000000000000      ,   3.2188724062233616E-005
           1 ,          56 ,   100.00000000000000      ,   5.7553188615607626E-005
           1 ,          57 ,   102.00000000000000      ,   2.7315611548190538E-005
           1 ,          58 ,   103.00000000000000      ,   4.8839427521877449E-005
           1 ,          59 ,   105.00000000000000      ,   2.3179595997716799E-005
           1 ,          60 ,   107.00000000000000      ,   4.1443913091110049E-005
           1 ,          61 ,   109.00000000000000      ,   1.9669412810632836E-005
           1 ,          62 ,   110.00000000000000      ,   3.5167588770510655E-005
           1 ,          63 ,   112.00000000000000      ,   1.6690519169137996E-005
           1 ,          64 ,   114.00000000000000      ,   2.9841333447015728E-005
           1 ,          65 ,   116.00000000000000      ,   1.4162603949023460E-005
           1 ,          66 ,   118.00000000000000      ,   2.5321498312811178E-005
           1 ,          67 ,   119.00000000000000      ,   1.2017461340557353E-005
           1 ,          68 ,   121.00000000000000      ,   2.1486097005671972E-005
           1 ,          69 ,   123.00000000000000      ,   1.0197177261713104E-005
           1 ,          70 ,   125.00000000000000      ,   1.8231557244310220E-005
           1 ,          71 ,   126.00000000000000      ,   8.6525840464761646E-006
           1 ,          72 ,   128.00000000000000      ,   1.5469953805417186E-005
           1 ,          73 ,   130.00000000000000      ,   7.3419447995794022E-006
           1 ,          74 ,   132.00000000000000      ,   1.3126653328903587E-005
           1 ,          75 ,   134.00000000000000      ,   6.2298339929172178E-006
           1 ,          76 ,   135.00000000000000      ,   1.1138310879002175E-005
           1 ,          77 ,   137.00000000000000      ,   5.2861855483750213E-006
           1 ,          78 ,   139.00000000000000      ,   9.4511665780974002E-006
           1 ,          79 ,   141.00000000000000      ,   4.4854837066466043E-006
           1 ,          80 ,   143.00000000000000      ,   8.0195979739530743E-006
           1 ,          81 ,   144.00000000000000      ,   3.8060754996138008E-006
           1 ,          82 ,   146.00000000000000      ,   6.8048901436610493E-006
           1 ,          83 ,   148.00000000000000      ,   3.2295867276872607E-006
           1 ,          84 ,   150.00000000000000      ,   5.7741910507828897E-006
           1 ,          85 ,   151.00000000000000      ,   2.7404259767167816E-006
           1 ,          86 ,   153.00000000000000      ,   4.8996244889267654E-006
           1 ,          87 ,   155.00000000000000      ,   2.3253634878575048E-006
           1 ,          88 ,   157.00000000000000      ,   4.1575369304196891E-006
           1 ,          89 ,   158.00000000000000      ,   1.9731736349845944E-006
           1 ,          90 ,   160.00000000000000      ,   3.5278581918523483E-006
           1 ,          91 ,   162.00000000000000      ,   1.6743314477660545E-006
           1 ,          92 ,   164.00000000000000      ,   2.9935587605011554E-006
           1 ,          93 ,   166.00000000000000      ,   1.4207550349731521E-006
           1 ,          94 ,   167.00000000000000      ,   2.5401892305015883E-006
           1 ,          95 ,   169.00000000000000      ,   1.2055869882438182E-006
           1 ,          96 ,   171.00000000000000      ,   2.1554894352408122E-006
           1 ,          97 ,   173.00000000000000      ,   1.0230088675058577E-006
           1 ,          98 ,   175.00000000000000      ,   1.8290567644994177E-006
           1 ,          99 ,   176.00000000000000      ,   8.6808379422785575E-007
           1 ,         100 ,   178.00000000000000      ,   1.5520647215338385E-006
           1 ,         101 ,   180.00000000000000      ,   7.3662286960776702E-007
           1 ,         102 ,   182.00000000000000      ,   1.3170240929748223E-006
           1 ,         103 ,   183.00000000000000      ,   6.2507183812635092E-007
           1 ,         104 ,   185.00000000000000      ,   1.1175803183351846E-006
           1 ,         105 ,   187.00000000000000      ,   5.3041492526807732E-007
           1 ,         106 ,   189.00000000000000      ,   9.4834156440758155E-007
           1 ,         107 ,   191.00000000000000      ,   4.5009323791905115E-007
           1 ,         108 ,   192.00000000000000      ,   8.0473283258636341E-007
           1 ,         109 ,   194.00000000000000      ,   3.8193553649357864E-007
           1 ,         110 ,   196.00000000000000      ,   6.8287219708203228E-007
           1 ,         111 ,   198.00000000000000      ,   3.2409949770641211E-007
           1 ,         112 ,   199.00000000000000      ,   5.7946578575947261E-007
           1 ,         113 ,   201.00000000000000      ,   2.7502187614769635E-007
           1 ,         114 ,   203.00000000000000      ,   4.9171868191782986E-007
           1 ,         115 ,   205.00000000000000      ,   2.3337622117930099E-007
           1 ,         116 ,   207.00000000000000      ,   4.1725932615858941E-007
           1 ,         117 ,   208.00000000000000      ,   1.9803699929151625E-007
           1 ,         118 ,   210.00000000000000      ,   3.5407537269521727E-007
           1 ,         119 ,   212.00000000000000      ,   1.6804915818277588E-007
           1 ,         120 ,   214.00000000000000      ,   3.0045927710067866E-007
           1 ,         121 ,   215.00000000000000      ,   1.4260229596989304E-007
           1 ,         122 ,   217.00000000000000      ,   2.5496211266372304E-007
           1 ,         123 ,   219.00000000000000      ,   1.2100875084776475E-007
           1 ,         124 ,   221.00000000000000      ,   2.1635439719294713E-007
           1 ,         125 ,   223.00000000000000      ,   1.0268500587589519E-007
           1 ,         126 ,   224.00000000000000      ,   1.8359285114226409E-007
           1 ,         127 ,   226.00000000000000      ,   8.7135917109341932E-008
           1 ,         128 ,   228.00000000000000      ,   1.5579219544460676E-007
           1 ,         129 ,   230.00000000000000      ,   7.3941325585361733E-008
           1 ,         130 ,   231.00000000000000      ,   1.3220121720253220E-007
           1 ,         131 ,   233.00000000000000      ,   6.2744699501175727E-008
           1 ,         132 ,   235.00000000000000      ,   1.1218246387043052E-007
           1 ,         133 ,   237.00000000000000      ,   5.3243498112590798E-008
           1 ,         134 ,   239.00000000000000      ,   9.5195012523793809E-008
           1 ,         135 ,   240.00000000000000      ,   4.5180995130508078E-008
           1 ,         136 ,   242.00000000000000      ,   8.0779857409077338E-008
           1 ,         137 ,   244.00000000000000      ,   3.8339339939776063E-008
           1 ,         138 ,   246.00000000000000      ,   6.8547493499090950E-008
           1 ,         139 ,   247.00000000000000      ,   3.2533670704919943E-008
           1 ,         140 ,   249.00000000000000      ,   5.8167401097153348E-008
           1 ,         141 ,   251.00000000000000      ,   2.7607117075462845E-008
           1 ,         142 ,   253.00000000000000      ,   4.9359106399360364E-008
           1 ,         143 ,   255.00000000000000      ,   2.3426563063554118E-008
           1 ,         144 ,   256.00000000000000      ,   4.1884607253003803E-008
           1 ,         145 ,   258.00000000000000      ,   1.9879049451259484E-008
           1 ,         146 ,   260.00000000000000      ,   3.5541937967384363E-008
           1 ,         147 ,   262.00000000000000      ,   1.6868719155890832E-008
           1 ,         148 ,   263.00000000000000      ,   3.0159715834129908E-008
           1 ,         149 ,   265.00000000000000      ,   1.4314233945725285E-008
           1 ,         150 ,   267.00000000000000      ,   2.5592508758054411E-008
           1 ,         151 ,   269.00000000000000      ,   1.2146567540845254E-008
           1 ,         152 ,   271.00000000000000      ,   2.1716906746863107E-008
           1 ,         153 ,   272.00000000000000      ,   1.0307147360437419E-008
           1 ,         154 ,   274.00000000000000      ,   1.8428182686422434E-008
           1 ,         155 ,   276.00000000000000      ,   8.7462697483803309E-009
           1 ,         156 ,   278.00000000000000      ,   1.5637471591917196E-008
           1 ,         157 ,   279.00000000000000      ,   7.4217562130718395E-009
           1 ,         158 ,   281.00000000000000      ,   1.3269360792447782E-008
           1 ,         159 ,   283.00000000000000      ,   6.2978161800147925E-009
           1 ,         160 ,   285.00000000000000      ,   1.1259859340057021E-008
           1 ,         161 ,   287.00000000000000      ,   5.3440779340836742E-009
           1 ,         162 ,   288.00000000000000      ,   9.5546641189214743E-009
           1 ,         163 ,   290.00000000000000      ,   4.5347674682179318E-009
           1 ,         164 ,   292.00000000000000      ,   8.1076935720680865E-009
           1 ,         165 ,   294.00000000000000      ,   3.8480145827558820E-009
           1 ,         166 ,   295.00000000000000      ,   6.8798466368313882E-009
           1 ,         167 ,   297.00000000000000      ,   3.2652616704237358E-009
           1 ,         168 ,   299.00000000000000      ,   5.8379408997971671E-009
           1 ,         169 ,   301.00000000000000      ,   2.7707587587147420E-009
           1 ,         170 ,   303.00000000000000      ,   4.9538186330799761E-009
           1 ,         171 ,   304.00000000000000      ,   2.3511429808262263E-009
           1 ,         172 ,   306.00000000000000      ,   4.2035890341490800E-009
           1 ,         173 ,   308.00000000000000      ,   1.9950734805526671E-009
           1 ,         174 ,   310.00000000000000      ,   3.5669726478060326E-009
           1 ,         175 ,   311.00000000000000      ,   1.6929271101293053E-009
           1 ,         176 ,   313.00000000000000      ,   3.0267668024719363E-009
           1 ,         177 ,   315.00000000000000      ,   1.4365381436481917E-009
           1 ,         178 ,   317.00000000000000      ,   2.5683701398299119E-009
           1 ,         179 ,   318.00000000000000      ,   1.2189780183510801E-009
           1 ,         180 ,   320.00000000000000      ,   2.1793953152576817E-009
           1 ,         181 ,   322.00000000000000      ,   1.0343656625666497E-009
           1 ,         182 ,   324.00000000000000      ,   1.8493286155912836E-009
           1 ,         183 ,   326.00000000000000      ,   8.7771189361679491E-010
           1 ,         184 ,   327.00000000000000      ,   1.5692487413676570E-009
           1 ,         185 ,   329.00000000000000      ,   7.4478277928627379E-010
           1 ,         186 ,   331.00000000000000      ,   1.3315860827173287E-009
           1 ,         187 ,   333.00000000000000      ,   6.3198522283480774E-010
           1 ,         188 ,   334.00000000000000      ,   1.1299168631989653E-009
           1 ,         189 ,   336.00000000000000      ,   5.3626998067907161E-010
           1 ,         190 ,   338.00000000000000      ,   9.5878842365504369E-010
           1 ,         191 ,   340.00000000000000      ,   4.5505120244843100E-010
           1 ,         192 ,   342.00000000000000      ,   8.1357833837947258E-010
           1 ,         193 ,   343.00000000000000      ,   3.8613270567089408E-010
           1 ,         194 ,   345.00000000000000      ,   6.9036016139834011E-010
           1 ,         195 ,   347.00000000000000      ,   3.2765180022278906E-010
           1 ,         196 ,   349.00000000000000      ,   5.8580278475273140E-010
           1 ,         197 ,   350.00000000000000      ,   2.7802799559134561E-010
           1 ,         198 ,   352.00000000000000      ,   4.9708184096663999E-010
           1 ,         199 ,   354.00000000000000      ,   2.3592043726580747E-010
           1 ,         200 ,   356.00000000000000      ,   4.2179774256689839E-010
           1 ,         201 ,   357.00000000000000      ,   2.0018912048891391E-010
           1 ,         202 ,   359.00000000000000      ,   3.5791438042498402E-010
           1 ,         203 ,   361.00000000000000      ,   1.6986993062184652E-010
           1 ,         204 ,   363.00000000000000      ,   3.0370758859199487E-010
           1 ,         205 ,   365.00000000000000      ,   1.4414260236794707E-010
           1 ,         206 ,   366.00000000000000      ,   2.5770963488214171E-010
           1 ,         207 ,   368.00000000000000      ,   1.2231115512767454E-010
           1 ,         208 ,   370.00000000000000      ,   2.1867787441953723E-010
           1 ,         209 ,   372.00000000000000      ,   1.0378643777730900E-010
           1 ,         210 ,   373.00000000000000      ,   1.8555750339044330E-010
           1 ,         211 ,   375.00000000000000      ,   8.8067463044350092E-011
           1 ,         212 ,   377.00000000000000      ,   1.5745448694870490E-010
           1 ,         213 ,   379.00000000000000      ,   7.4729707231352416E-011
           1 ,         214 ,   381.00000000000000      ,   1.3360752261493136E-010
           1 ,         215 ,   382.00000000000000      ,   6.3411313526440249E-011
           1 ,         216 ,   384.00000000000000      ,   1.1337241388742481E-010
           1 ,         217 ,   386.00000000000000      ,   5.3807582955228694E-011
           1 ,         218 ,   388.00000000000000      ,   9.6201427032815978E-011
           1 ,         219 ,   389.00000000000000      ,   4.5657668618082070E-011
           1 ,         220 ,   391.00000000000000      ,   8.1630237291907548E-011
           1 ,         221 ,   393.00000000000000      ,   3.8742755965187614E-011
           1 ,         222 ,   395.00000000000000      ,   6.9267461558220056E-011
           1 ,         223 ,   396.00000000000000      ,   3.2874749797406899E-011
           1 ,         224 ,   398.00000000000000      ,   5.8776764705337214E-011
           1 ,         225 ,   400.00000000000000      ,   2.7895618540801914E-011
           1 ,         226 ,   402.00000000000000      ,   4.9873740554096102E-011
           1 ,         227 ,   404.00000000000000      ,   2.3671147073717203E-011
           1 ,         228 ,   405.00000000000000      ,   4.2321467511041710E-011
           1 ,         229 ,   407.00000000000000      ,   2.0086051745471512E-011
           1 ,         230 ,   409.00000000000000      ,   3.5911312118441785E-011
           1 ,         231 ,   411.00000000000000      ,   1.7044064944127246E-011
           1 ,         232 ,   412.00000000000000      ,   3.0473002593511822E-011
           1 ,         233 ,   414.00000000000000      ,   1.4462810289661565E-011
           1 ,         234 ,   416.00000000000000      ,   2.5857734356482531E-011
           1 ,         235 ,   418.00000000000000      ,   1.2272154646664202E-011
           1 ,         236 ,   420.00000000000000      ,   2.1941731417896015E-011
           1 ,         237 ,   421.00000000000000      ,   1.0413621354121716E-011
           1 ,         238 ,   423.00000000000000      ,   1.8618277058957133E-011
           1 ,         239 ,   425.00000000000000      ,   8.8359961708528445E-012
           1 ,         240 ,   427.00000000000000      ,   1.5797587196719753E-011
           1 ,         241 ,   428.00000000000000      ,   7.4977940522913400E-012
           1 ,         242 ,   430.00000000000000      ,   1.3405037496694305E-011
           1 ,         243 ,   432.00000000000000      ,   6.3626005505912353E-012
           1 ,         244 ,   434.00000000000000      ,   1.1375468275676148E-011
           1 ,         245 ,   435.00000000000000      ,   5.3983978745564265E-012
           1 ,         246 ,   437.00000000000000      ,   9.6518487646690687E-012
           1 ,         247 ,   439.00000000000000      ,   4.5808357107546271E-012
           1 ,         248 ,   441.00000000000000      ,   8.1899886178460335E-012
           1 ,         249 ,   443.00000000000000      ,   3.8869662696838780E-012
           1 ,         250 ,   444.00000000000000      ,   6.9493005100396132E-012
           1 ,         251 ,   446.00000000000000      ,   3.2981603559356643E-012
           1 ,         252 ,   448.00000000000000      ,   5.8968142868653928E-012
           1 ,         253 ,   450.00000000000000      ,   2.7983596342928685E-012
           1 ,         254 ,   451.00000000000000      ,   5.0035045551233281E-012
           1 ,         255 ,   453.00000000000000      ,   2.3747184774158825E-012
           1 ,         256 ,   455.00000000000000      ,   4.2453610071824244E-012
           1 ,         257 ,   457.00000000000000      ,   2.0151129029311043E-012
           1 ,         258 ,   459.00000000000000      ,   3.6026910621433927E-012
           1 ,         259 ,   460.00000000000000      ,   1.7098111121383042E-012
           1 ,         260 ,   462.00000000000000      ,   3.0567996051056312E-012
           1 ,         261 ,   464.00000000000000      ,   1.4512609863848169E-012
           1 ,         262 ,   466.00000000000000      ,   2.5949416226911382E-012
           1 ,         263 ,   467.00000000000000      ,   1.2309493702122865E-012
           1 ,         264 ,   469.00000000000000      ,   2.2008402045248232E-012
           1 ,         265 ,   471.00000000000000      ,   1.0449844115023588E-012
           1 ,         266 ,   472.00000000000000      ,   1.9902482439881908E-013
           1 ,         267 ,   474.00000000000000      ,   6.3079749756944636E-014
           1 ,         268 ,   475.00000000000000      ,   1.9909941750828608E-013
           1 ,         269 ,   477.00000000000000      ,   6.3184700527241233E-014
           1 ,         270 ,   479.00000000000000      ,   1.9909768278481010E-013
           1 ,         271 ,   480.00000000000000      ,   6.2497750030754418E-014
           1 ,         272 ,   482.00000000000000      ,   1.9886349511555323E-013
           1 ,         273 ,   484.00000000000000      ,   6.3106637970822277E-014
           1 ,         274 ,   485.00000000000000      ,   1.9936136075315858E-013
           1 ,         275 ,   487.00000000000000      ,   6.2979135795337982E-014
           1 ,         276 ,   489.00000000000000      ,   1.9896237435368391E-013
           1 ,         277 ,   490.00000000000000      ,   6.2854235705067651E-014
           1 ,         278 ,   492.00000000000000      ,   1.9876982004785049E-013
           1 ,         279 ,   494.00000000000000      ,   6.3059800436970903E-014
           1 ,         280 ,   495.00000000000000      ,   1.9936483020011053E-013
           1 ,         281 ,   497.00000000000000      ,   6.2692039060063820E-014
           1 ,         282 ,   499.00000000000000      ,   1.9912023418999780E-013
           1 ,         283 ,   500.00000000000000      ,   6.3038116393521193E-014
           1 ,         284 ,   502.00000000000000      ,   1.9883920898688956E-013
           1 ,         285 ,   503.00000000000000      ,   6.2174224102484743E-014
           1 ,         286 ,   505.00000000000000      ,   1.9871777834357118E-013
           1 ,         287 ,   507.00000000000000      ,   6.1999884393149074E-014
           1 ,         288 ,   508.00000000000000      ,   1.9900053827015540E-013
           1 ,         289 ,   510.00000000000000      ,   6.2057130267856309E-014
           1 ,         290 ,   512.00000000000000      ,   1.9907166193267045E-013
           1 ,         291 ,   513.00000000000000      ,   6.2100498354755729E-014
           1 ,         292 ,   515.00000000000000      ,   1.9900227299363138E-013
           1 ,         293 ,   517.00000000000000      ,   6.2195908145934453E-014
           1 ,         294 ,   518.00000000000000      ,   1.9891553681983254E-013
           1 ,         295 ,   520.00000000000000      ,   6.1914882942826210E-014
           1 ,         296 ,   522.00000000000000      ,   1.9906472303876654E-013
           1 ,         297 ,   523.00000000000000      ,   6.1847228727263115E-014
           1 ,         298 ,   525.00000000000000      ,   1.9859634770025281E-013
           1 ,         299 ,   527.00000000000000      ,   6.1798656469935764E-014
           1 ,         300 ,   528.00000000000000      ,   1.9874900336613877E-013
           1 ,         301 ,   530.00000000000000      ,   6.2189836613768534E-014
           1 ,         302 ,   531.00000000000000      ,   1.9904043691010287E-013
           1 ,         303 ,   533.00000000000000      ,   6.1758757829988298E-014
           1 ,         304 ,   535.00000000000000      ,   1.9862063382891648E-013
           1 ,         305 ,   536.00000000000000      ,   6.2029374692240680E-014
           1 ,         306 ,   538.00000000000000      ,   1.9924166483331618E-013
           1 ,         307 ,   540.00000000000000      ,   6.1777839788224043E-014
           1 ,         308 ,   541.00000000000000      ,   1.9858246991244499E-013
           1 ,         309 ,   543.00000000000000      ,   6.2113508780825555E-014
           1 ,         310 ,   545.00000000000000      ,   1.9871083944966728E-013
           1 ,         311 ,   546.00000000000000      ,   6.1783911320389961E-014
           1 ,         312 ,   548.00000000000000      ,   1.9912543836042573E-013
           1 ,         313 ,   550.00000000000000      ,   6.1418752028696844E-014
           1 ,         314 ,   551.00000000000000      ,   1.9873165613137900E-013
           1 ,         315 ,   553.00000000000000      ,   6.1000683670986433E-014
           1 ,         316 ,   554.00000000000000      ,   1.9902308967534310E-013
           1 ,         317 ,   556.00000000000000      ,   6.1057929545693668E-014
           1 ,         318 ,   558.00000000000000      ,   1.9833613917885629E-013
           1 ,         319 ,   559.00000000000000      ,   6.0829813408602718E-014
           1 ,         320 ,   561.00000000000000      ,   1.9917054117080113E-013
           1 ,         321 ,   563.00000000000000      ,   6.0677157742716759E-014
           1 ,         322 ,   564.00000000000000      ,   1.9892594516068840E-013
           1 ,         323 ,   566.00000000000000      ,   6.1090889291737227E-014
           1 ,         324 ,   568.00000000000000      ,   1.9866573663929188E-013
           1 ,         325 ,   569.00000000000000      ,   6.0710984850498306E-014
           1 ,         326 ,   571.00000000000000      ,   1.9844542675784282E-013
           1 ,         327 ,   573.00000000000000      ,   6.0836752302506625E-014
           1 ,         328 ,   574.00000000000000      ,   1.9889992430854875E-013
           1 ,         329 ,   576.00000000000000      ,   6.0755220299135715E-014
           1 ,         330 ,   578.00000000000000      ,   1.9802388895318046E-013
           1 ,         331 ,   579.00000000000000      ,   6.0299855386691803E-014
           1 ,         332 ,   581.00000000000000      ,   1.9846797816303052E-013
           1 ,         333 ,   583.00000000000000      ,   6.0813333535580938E-014
           1 ,         334 ,   584.00000000000000      ,   1.9828409747457698E-013
           1 ,         335 ,   586.00000000000000      ,   6.0736138340899970E-014
           1 ,         336 ,   587.00000000000000      ,   1.9857553101854108E-013
           1 ,         337 ,   589.00000000000000      ,   6.0431694370866040E-014
           1 ,         338 ,   591.00000000000000      ,   1.9831185305019261E-013
           1 ,         339 ,   592.00000000000000      ,   6.0723127914830144E-014
           1 ,         340 ,   594.00000000000000      ,   1.9841420173527524E-013
           1 ,         341 ,   596.00000000000000      ,   6.0197506701609171E-014
           1 ,         342 ,   597.00000000000000      ,   1.9840726284137133E-013
           1 ,         343 ,   599.00000000000000      ,   5.9837551580343984E-014
           1 ,         344 ,   601.00000000000000      ,   1.9853216293164166E-013
           1 ,         345 ,   602.00000000000000      ,   5.9914746775024952E-014
           1 ,         346 ,   604.00000000000000      ,   1.9788337635162634E-013
           1 ,         347 ,   606.00000000000000      ,   5.9817602260370251E-014
           1 ,         348 ,   607.00000000000000      ,   1.9848359067431431E-013
           1 ,         349 ,   609.00000000000000      ,   6.0044851035723212E-014
           1 ,         350 ,   611.00000000000000      ,   1.9835695586056801E-013
           1 ,         351 ,   612.00000000000000      ,   6.0395265177870527E-014
           1 ,         352 ,   614.00000000000000      ,   1.9827195441024514E-013
           1 ,         353 ,   615.00000000000000      ,   5.9905205795907079E-014
           1 ,         354 ,   617.00000000000000      ,   1.9805337925227207E-013
           1 ,         355 ,   619.00000000000000      ,   5.9948573882806500E-014
           1 ,         356 ,   620.00000000000000      ,   1.9814531959649884E-013
           1 ,         357 ,   622.00000000000000      ,   6.0140260826901937E-014
           1 ,         358 ,   624.00000000000000      ,   1.9792674443852576E-013
           1 ,         359 ,   625.00000000000000      ,   5.9711784128335665E-014
           1 ,         360 ,   627.00000000000000      ,   1.9799266393061288E-013
           1 ,         361 ,   629.00000000000000      ,   5.9640660465820616E-014
           1 ,         362 ,   630.00000000000000      ,   1.9812623763826309E-013
           1 ,         363 ,   632.00000000000000      ,   5.9702243149217793E-014
           1 ,         364 ,   634.00000000000000      ,   1.9779317073087554E-013
           1 ,         365 ,   635.00000000000000      ,   5.9244276151559916E-014
           1 ,         366 ,   637.00000000000000      ,   1.9797878614280506E-013
           1 ,         367 ,   639.00000000000000      ,   5.9577343058947463E-014
           1 ,         368 ,   640.00000000000000      ,   1.9807940010441172E-013
           1 ,         369 ,   642.00000000000000      ,   5.9270297003699568E-014
           1 ,         370 ,   644.00000000000000      ,   1.9746357327043995E-013
           1 ,         371 ,   645.00000000000000      ,   5.9221724746372217E-014
           1 ,         372 ,   647.00000000000000      ,   1.9774459847354819E-013
           1 ,         373 ,   648.00000000000000      ,   5.8903402988530473E-014
           1 ,         374 ,   650.00000000000000      ,   1.9814878904345079E-013
           1 ,         375 ,   652.00000000000000      ,   5.9274633812389510E-014
           1 ,         376 ,   653.00000000000000      ,   1.9736122458535732E-013
           1 ,         377 ,   655.00000000000000      ,   5.9008353758827070E-014
           1 ,         378 ,   657.00000000000000      ,   1.9740806211920869E-013
           1 ,         379 ,   658.00000000000000      ,   5.9076007974390166E-014
           1 ,         380 ,   660.00000000000000      ,   1.9733867318016962E-013
           1 ,         381 ,   662.00000000000000      ,   5.8369975519667605E-014
           1 ,         382 ,   663.00000000000000      ,   1.9764051506498959E-013
           1 ,         383 ,   665.00000000000000      ,   5.9039578781394653E-014
           1 ,         384 ,   667.00000000000000      ,   1.9759541225461419E-013
           1 ,         385 ,   668.00000000000000      ,   5.8563397187239019E-014
           1 ,         386 ,   670.00000000000000      ,   1.9743234824787237E-013
           1 ,         387 ,   672.00000000000000      ,   5.8894729371150589E-014
           1 ,         388 ,   673.00000000000000      ,   1.9725540645332273E-013
           1 ,         389 ,   675.00000000000000      ,   5.9007486397089082E-014
           1 ,         390 ,   676.00000000000000      ,   1.9750867608081535E-013
           1 ,         391 ,   678.00000000000000      ,   5.8726461193980839E-014
           1 ,         392 ,   680.00000000000000      ,   1.9718428279080769E-013
           1 ,         393 ,   681.00000000000000      ,   5.8462783225632364E-014
           1 ,         394 ,   683.00000000000000      ,   1.9715826193866803E-013
           1 ,         395 ,   685.00000000000000      ,   5.8467120034322306E-014
           1 ,         396 ,   686.00000000000000      ,   1.9686162422427600E-013
           1 ,         397 ,   688.00000000000000      ,   5.8263290025895031E-014
           1 ,         398 ,   690.00000000000000      ,   1.9674019358095762E-013
           1 ,         399 ,   691.00000000000000      ,   5.7894661287249960E-014
           1 ,         400 ,   693.00000000000000      ,   1.9699693265540219E-013
           1 ,         401 ,   695.00000000000000      ,   5.8176553852096191E-014
           1 ,         402 ,   696.00000000000000      ,   1.9674886719833751E-013
           1 ,         403 ,   698.00000000000000      ,   5.7879916137704157E-014
           1 ,         404 ,   700.00000000000000      ,   1.9704897435968149E-013
           1 ,         405 ,   701.00000000000000      ,   5.8236401812017391E-014
           1 ,         406 ,   703.00000000000000      ,   1.9668294770625039E-013
           1 ,         407 ,   705.00000000000000      ,   5.8218187215519634E-014
           1 ,         408 ,   706.00000000000000      ,   1.9690672703465140E-013
           1 ,         409 ,   708.00000000000000      ,   5.8299719218890544E-014
           1 ,         410 ,   709.00000000000000      ,   1.9685121588342014E-013
           1 ,         411 ,   711.00000000000000      ,   5.7585880508526088E-014
           1 ,         412 ,   713.00000000000000      ,   1.9682519503128049E-013
           1 ,         413 ,   714.00000000000000      ,   5.7598890934595914E-014
           1 ,         414 ,   716.00000000000000      ,   1.9635161552233882E-013
           1 ,         415 ,   718.00000000000000      ,   5.7734199365722105E-014
           1 ,         416 ,   719.00000000000000      ,   1.9637156484231255E-013
           1 ,         417 ,   721.00000000000000      ,   5.7526032548604888E-014
           1 ,         418 ,   723.00000000000000      ,   1.9676361234788331E-013
           1 ,         419 ,   724.00000000000000      ,   5.7434959566116106E-014
           1 ,         420 ,   726.00000000000000      ,   1.9661616085242528E-013
           1 ,         421 ,   728.00000000000000      ,   5.7702974343154523E-014
           1 ,         422 ,   729.00000000000000      ,   1.9666213102453867E-013
           1 ,         423 ,   731.00000000000000      ,   5.7365570627077034E-014
           1 ,         424 ,   732.00000000000000      ,   1.9632385994672319E-013
           1 ,         425 ,   734.00000000000000      ,   5.7229394834212854E-014
           1 ,         426 ,   736.00000000000000      ,   1.9667774353582246E-013
           1 ,         427 ,   737.00000000000000      ,   5.7538175612936726E-014
           1 ,         428 ,   739.00000000000000      ,   1.9615038759912551E-013
           1 ,         429 ,   741.00000000000000      ,   5.7412408160928408E-014
           1 ,         430 ,   742.00000000000000      ,   1.9594915967591220E-013
           1 ,         431 ,   744.00000000000000      ,   5.7199037173383260E-014
           1 ,         432 ,   746.00000000000000      ,   1.9619288832428694E-013
           1 ,         433 ,   747.00000000000000      ,   5.6800918135646583E-014
           1 ,         434 ,   749.00000000000000      ,   1.9589972005684686E-013
           1 ,         435 ,   751.00000000000000      ,   5.7077606530064884E-014
           1 ,         436 ,   752.00000000000000      ,   1.9635074816060083E-013
           1 ,         437 ,   754.00000000000000      ,   5.7198169811645272E-014
           1 ,         438 ,   756.00000000000000      ,   1.9634033981974497E-013
           1 ,         439 ,   757.00000000000000      ,   5.7163475342125736E-014
           1 ,         440 ,   759.00000000000000      ,   1.9595956801676806E-013
           1 ,         441 ,   760.00000000000000      ,   5.6649563512367607E-014
           1 ,         442 ,   762.00000000000000      ,   1.9588150546034910E-013
           1 ,         443 ,   764.00000000000000      ,   5.6979160972803200E-014
           1 ,         444 ,   765.00000000000000      ,   1.9599166040107363E-013
           1 ,         445 ,   767.00000000000000      ,   5.6783570900886815E-014
           1 ,         446 ,   769.00000000000000      ,   1.9597257844283789E-013
           1 ,         447 ,   770.00000000000000      ,   5.6856429286877841E-014
           1 ,         448 ,   772.00000000000000      ,   1.9561435804504868E-013
           1 ,         449 ,   774.00000000000000      ,   5.6512086676896445E-014
           1 ,         450 ,   775.00000000000000      ,   1.9537583356710186E-013
           1 ,         451 ,   777.00000000000000      ,   5.6513821400372422E-014
           1 ,         452 ,   778.00000000000000      ,   1.9533506756541641E-013
           1 ,         453 ,   780.00000000000000      ,   5.5665975301488757E-014
           1 ,         454 ,   782.00000000000000      ,   1.9514251325958298E-013
           1 ,         455 ,   783.00000000000000      ,   5.6215882643373405E-014
           1 ,         456 ,   785.00000000000000      ,   1.9538971135490968E-013
           1 ,         457 ,   787.00000000000000      ,   5.6519025570800352E-014
           1 ,         458 ,   788.00000000000000      ,   1.9551981561560794E-013
           1 ,         459 ,   790.00000000000000      ,   5.6133916959133501E-014
           1 ,         460 ,   792.00000000000000      ,   1.9517113619693660E-013
           1 ,         461 ,   793.00000000000000      ,   5.6122207575670657E-014
           1 ,         462 ,   795.00000000000000      ,   1.9533680228889239E-013
           1 ,         463 ,   797.00000000000000      ,   5.5691562472759415E-014
           1 ,         464 ,   798.00000000000000      ,   1.9513991117436902E-013
           1 ,         465 ,   800.00000000000000      ,   5.5657735364977867E-014
           1 ,         466 ,   801.00000000000000      ,   1.9517460564388855E-013
           1 ,         467 ,   803.00000000000000      ,   5.5509416507781850E-014
           1 ,         468 ,   805.00000000000000      ,   1.9509047155530368E-013
           1 ,         469 ,   806.00000000000000      ,   5.6166876705177060E-014
           1 ,         470 ,   808.00000000000000      ,   1.9526220917942538E-013
           1 ,         471 ,   810.00000000000000      ,   5.5708042345781195E-014
           1 ,         472 ,   811.00000000000000      ,   1.9497164299719927E-013
           1 ,         473 ,   813.00000000000000      ,   5.5521993252982682E-014
           1 ,         474 ,   815.00000000000000      ,   1.9500113329629087E-013
           1 ,         475 ,   816.00000000000000      ,   5.5005479338010588E-014
           1 ,         476 ,   818.00000000000000      ,   1.9491786656944399E-013
           1 ,         477 ,   819.00000000000000      ,   5.5564927659013108E-014
           1 ,         478 ,   821.00000000000000      ,   1.9462816774895586E-013
           1 ,         479 ,   823.00000000000000      ,   5.5169844387359390E-014
           1 ,         480 ,   824.00000000000000      ,   1.9528129113766113E-013
           1 ,         481 ,   826.00000000000000      ,   5.5200202048188984E-014
           1 ,         482 ,   828.00000000000000      ,   1.9471750600796867E-013
           1 ,         483 ,   829.00000000000000      ,   5.5701970813615276E-014
           1 ,         484 ,   831.00000000000000      ,   1.9472964907230050E-013
           1 ,         485 ,   833.00000000000000      ,   5.5120838449163045E-014
           1 ,         486 ,   834.00000000000000      ,   1.9474959839227424E-013
           1 ,         487 ,   836.00000000000000      ,   5.4912671632045829E-014
           1 ,         488 ,   838.00000000000000      ,   1.9452668642561122E-013
           1 ,         489 ,   839.00000000000000      ,   5.5060123127503857E-014
           1 ,         490 ,   841.00000000000000      ,   1.9441479676141071E-013
           1 ,         491 ,   842.00000000000000      ,   5.4489399103907488E-014
           1 ,         492 ,   844.00000000000000      ,   1.9455357463948886E-013
           1 ,         493 ,   846.00000000000000      ,   5.4876242439050316E-014
           1 ,         494 ,   847.00000000000000      ,   1.9461515732288603E-013
           1 ,         495 ,   849.00000000000000      ,   5.4056151915782280E-014
           1 ,         496 ,   851.00000000000000      ,   1.9468541362366309E-013
           1 ,         497 ,   852.00000000000000      ,   5.4285135414611219E-014
           1 ,         498 ,   854.00000000000000      ,   1.9455097255427489E-013
           1 ,         499 ,   856.00000000000000      ,   5.4214011752096170E-014
           1 ,         500 ,   857.00000000000000      ,   1.9415719032522816E-013
           1 ,         501 ,   859.00000000000000      ,   5.5047980063172020E-014
           1 ,         502 ,   861.00000000000000      ,   1.9441566412314870E-013
           1 ,         503 ,   862.00000000000000      ,   5.4147658579140057E-014
           1 ,         504 ,   864.00000000000000      ,   1.9398371797763048E-013
           1 ,         505 ,   865.00000000000000      ,   5.4836777479971843E-014
           1 ,         506 ,   867.00000000000000      ,   1.9436188769539342E-013
           1 ,         507 ,   869.00000000000000      ,   5.4204470772978297E-014
           1 ,         508 ,   870.00000000000000      ,   1.9383279703522049E-013
           1 ,         509 ,   872.00000000000000      ,   5.4401795568370659E-014
           1 ,         510 ,   874.00000000000000      ,   1.9432892794934986E-013
           1 ,         511 ,   875.00000000000000      ,   5.3710941944062895E-014
           1 ,         512 ,   877.00000000000000      ,   1.9355697600254018E-013
           1 ,         513 ,   879.00000000000000      ,   5.4157633239126923E-014
           1 ,         514 ,   880.00000000000000      ,   1.9392820682639922E-013
           1 ,         515 ,   882.00000000000000      ,   5.3572597746853745E-014
           1 ,         516 ,   884.00000000000000      ,   1.9386662414300204E-013
           1 ,         517 ,   885.00000000000000      ,   5.3537469596465215E-014
           1 ,         518 ,   887.00000000000000      ,   1.9393341099682715E-013
           1 ,         519 ,   888.00000000000000      ,   5.3429483060085659E-014
           1 ,         520 ,   890.00000000000000      ,   1.9352488361823461E-013
           1 ,         521 ,   892.00000000000000      ,   5.3350119461059720E-014
           1 ,         522 ,   893.00000000000000      ,   1.9345636204093353E-013
           1 ,         523 ,   895.00000000000000      ,   5.3388717058400204E-014
           1 ,         524 ,   897.00000000000000      ,   1.9373565252056579E-013
           1 ,         525 ,   898.00000000000000      ,   5.3445529252238444E-014
           1 ,         526 ,   900.00000000000000      ,   1.9362549757984127E-013
           1 ,         527 ,   902.00000000000000      ,   5.3371803504509430E-014
           1 ,         528 ,   903.00000000000000      ,   1.9345289259398157E-013
           1 ,         529 ,   905.00000000000000      ,   5.3041772363204842E-014
           1 ,         530 ,   907.00000000000000      ,   1.9359774200422564E-013
           1 ,         531 ,   908.00000000000000      ,   5.3259480159439931E-014
           1 ,         532 ,   910.00000000000000      ,   1.9341125923055813E-013
           1 ,         533 ,   911.00000000000000      ,   5.3207872136029621E-014
           1 ,         534 ,   913.00000000000000      ,   1.9296543529723209E-013
           1 ,         535 ,   915.00000000000000      ,   5.2902127123388709E-014
           1 ,         536 ,   916.00000000000000      ,   1.9294375125378238E-013
           1 ,         537 ,   918.00000000000000      ,   5.2944194167681147E-014
           1 ,         538 ,   920.00000000000000      ,   1.9275466639490091E-013
           1 ,         539 ,   921.00000000000000      ,   5.3053048065798691E-014
           1 ,         540 ,   923.00000000000000      ,   1.9264971562460431E-013
           1 ,         541 ,   925.00000000000000      ,   5.2909499698161611E-014
           1 ,         542 ,   926.00000000000000      ,   1.9305043674755495E-013
           1 ,         543 ,   928.00000000000000      ,   5.2733858946218959E-014
           1 ,         544 ,   930.00000000000000      ,   1.9256905098297139E-013
           1 ,         545 ,   931.00000000000000      ,   5.2118465793116187E-014
           1 ,         546 ,   933.00000000000000      ,   1.9314237709178173E-013
           1 ,         547 ,   934.00000000000000      ,   5.2334438865875299E-014
           1 ,         548 ,   936.00000000000000      ,   1.9294982278594830E-013
           1 ,         549 ,   938.00000000000000      ,   5.2613729345507565E-014
           1 ,         550 ,   939.00000000000000      ,   1.9298451725546784E-013
           1 ,         551 ,   941.00000000000000      ,   5.2668806815869829E-014
           1 ,         552 ,   943.00000000000000      ,   1.9287002550605337E-013
           1 ,         553 ,   944.00000000000000      ,   5.2282830842464989E-014
           1 ,         554 ,   946.00000000000000      ,   1.9226634173641344E-013
           1 ,         555 ,   948.00000000000000      ,   5.2207370371259998E-014
           1 ,         556 ,   949.00000000000000      ,   1.9228108688595924E-013
           1 ,         557 ,   951.00000000000000      ,   5.1660932476327304E-014
           1 ,         558 ,   952.00000000000000      ,   1.9243460991358319E-013
           1 ,         559 ,   954.00000000000000      ,   5.1478786511349739E-014
           1 ,         560 ,   956.00000000000000      ,   1.9230450565288493E-013
           1 ,         561 ,   957.00000000000000      ,   5.1470980255707843E-014
           1 ,         562 ,   959.00000000000000      ,   1.9234700637804636E-013
           1 ,         563 ,   961.00000000000000      ,   5.1730755096235370E-014
           1 ,         564 ,   962.00000000000000      ,   1.9196363248985548E-013
           1 ,         565 ,   964.00000000000000      ,   5.1635778985925640E-014
           1 ,         566 ,   966.00000000000000      ,   1.9204429713148841E-013
           1 ,         567 ,   967.00000000000000      ,   5.1387713528860957E-014
           1 ,         568 ,   969.00000000000000      ,   1.9214838054004701E-013
           1 ,         569 ,   971.00000000000000      ,   5.1567257408624556E-014
           1 ,         570 ,   972.00000000000000      ,   1.9231838344069274E-013
           1 ,         571 ,   974.00000000000000      ,   5.1468378170493878E-014
           1 ,         572 ,   975.00000000000000      ,   1.9176413929011815E-013
           1 ,         573 ,   977.00000000000000      ,   5.1510878895655310E-014
           1 ,         574 ,   979.00000000000000      ,   1.9202781725846663E-013
           1 ,         575 ,   980.00000000000000      ,   5.1597181388585156E-014
           1 ,         576 ,   982.00000000000000      ,   1.9197230610723537E-013
           1 ,         577 ,   984.00000000000000      ,   5.1446694127044168E-014
           1 ,         578 ,   985.00000000000000      ,   1.9145796059660825E-013
           1 ,         579 ,   987.00000000000000      ,   5.1120132432691534E-014
           1 ,         580 ,   989.00000000000000      ,   1.9149612451307974E-013
           1 ,         581 ,   990.00000000000000      ,   5.1215975904739253E-014
           1 ,         582 ,   992.00000000000000      ,   1.9149438978960376E-013
           1 ,         583 ,   994.00000000000000      ,   5.1002171236325111E-014
           1 ,         584 ,   995.00000000000000      ,   1.9115178190309834E-013
           1 ,         585 ,   997.00000000000000      ,   5.0877271146054781E-014
           1 ,         586 ,   998.00000000000000      ,   1.9108499504927323E-013
           1 ,         587 ,   1000.0000000000000      ,   5.0820892633085535E-014
           1 ,         588 ,   1002.0000000000000      ,   1.9098438108766658E-013
           1 ,         589 ,   1003.0000000000000      ,   5.0206366841720751E-014
           1 ,         590 ,   1005.0000000000000      ,   1.9158633013383053E-013
           1 ,         591 ,   1007.0000000000000      ,   5.0300909271161487E-014
           1 ,         592 ,   1008.0000000000000      ,   1.9088897129648785E-013
           1 ,         593 ,   1010.0000000000000      ,   5.0777090865317120E-014
           1 ,         594 ,   1012.0000000000000      ,   1.9141112306275687E-013
           1 ,         595 ,   1013.0000000000000      ,   5.0829566250465419E-014
           1 ,         596 ,   1015.0000000000000      ,   1.9080050039921304E-013
           1 ,         597 ,   1017.0000000000000      ,   5.0413232616230985E-014
           1 ,         598 ,   1018.0000000000000      ,   1.9095402342683698E-013
           1 ,         599 ,   1020.0000000000000      ,   5.0731120693203735E-014
           1 ,         600 ,   1021.0000000000000      ,   1.9089937963734371E-013
           1 ,         601 ,   1023.0000000000000      ,   4.9534161494779738E-014
           1 ,         602 ,   1025.0000000000000      ,   1.9105810683539559E-013
           1 ,         603 ,   1026.0000000000000      ,   5.0033328174992064E-014
           1 ,         604 ,   1028.0000000000000      ,   1.9103729015368387E-013
           1 ,         605 ,   1030.0000000000000      ,   5.0010343088935372E-014
           1 ,         606 ,   1031.0000000000000      ,   1.9044574944837578E-013
           1 ,         607 ,   1033.0000000000000      ,   4.9746665120586897E-014
           1 ,         608 ,   1035.0000000000000      ,   1.9050473004655899E-013
           1 ,         609 ,   1036.0000000000000      ,   4.9596611539914903E-014
           1 ,         610 ,   1038.0000000000000      ,   1.9086295044434820E-013
           1 ,         611 ,   1040.0000000000000      ,   5.0096645581865218E-014
           1 ,         612 ,   1041.0000000000000      ,   1.9047697447094336E-013
           1 ,         613 ,   1043.0000000000000      ,   4.9404057234081478E-014
           1 ,         614 ,   1044.0000000000000      ,   1.9058365996471593E-013
           1 ,         615 ,   1046.0000000000000      ,   4.9536763579993703E-014
           1 ,         616 ,   1048.0000000000000      ,   1.9057498634733605E-013
           1 ,         617 ,   1049.0000000000000      ,   4.9405791957557454E-014
           1 ,         618 ,   1051.0000000000000      ,   1.9052728145174669E-013
           1 ,         619 ,   1053.0000000000000      ,   4.9694623416307593E-014
           1 ,         620 ,   1054.0000000000000      ,   1.9045008625706572E-013
           1 ,         621 ,   1056.0000000000000      ,   4.9413164532330356E-014
           1 ,         622 ,   1058.0000000000000      ,   1.9002681372892738E-013
           1 ,         623 ,   1059.0000000000000      ,   4.8809047081821433E-014
           1 ,         624 ,   1061.0000000000000      ,   1.9003028317587933E-013
           1 ,         625 ,   1063.0000000000000      ,   4.9146017117029928E-014
           1 ,         626 ,   1064.0000000000000      ,   1.9041018761711825E-013
           1 ,         627 ,   1066.0000000000000      ,   4.9023285431104568E-014
           1 ,         628 ,   1067.0000000000000      ,   1.8984640248742579E-013
           1 ,         629 ,   1069.0000000000000      ,   4.9044535793685284E-014
           1 ,         630 ,   1071.0000000000000      ,   1.9042319804318808E-013
           1 ,         631 ,   1072.0000000000000      ,   4.8553609049983848E-014
           1 ,         632 ,   1074.0000000000000      ,   1.9012395824358208E-013
           1 ,         633 ,   1076.0000000000000      ,   4.9053209411065168E-014
           1 ,         634 ,   1077.0000000000000      ,   1.9000252760026370E-013
           1 ,         635 ,   1079.0000000000000      ,   4.8775653654908879E-014
           1 ,         636 ,   1081.0000000000000      ,   1.8968420584242196E-013
           1 ,         637 ,   1082.0000000000000      ,   4.8473811770088915E-014
           1 ,         638 ,   1084.0000000000000      ,   1.8989931155344308E-013
           1 ,         639 ,   1086.0000000000000      ,   4.8494628451800637E-014
           1 ,         640 ,   1087.0000000000000      ,   1.8974578852581914E-013
           1 ,         641 ,   1089.0000000000000      ,   4.7911761363872429E-014
           1 ,         642 ,   1091.0000000000000      ,   1.8962262315902478E-013
           1 ,         643 ,   1092.0000000000000      ,   4.8554042730852842E-014
           1 ,         644 ,   1094.0000000000000      ,   1.8998257828028997E-013
           1 ,         645 ,   1095.0000000000000      ,   4.8094341009718988E-014
           1 ,         646 ,   1097.0000000000000      ,   1.8947690638704273E-013
           1 ,         647 ,   1099.0000000000000      ,   4.7998931218540264E-014
           1 ,         648 ,   1100.0000000000000      ,   1.8921322841869426E-013
           1 ,         649 ,   1102.0000000000000      ,   4.7982885026387478E-014
           1 ,         650 ,   1104.0000000000000      ,   1.8898251019638934E-013
           1 ,         651 ,   1105.0000000000000      ,   4.8210567482609434E-014
           1 ,         652 ,   1107.0000000000000      ,   1.8929649514554114E-013
           1 ,         653 ,   1109.0000000000000      ,   4.8012809006348078E-014
           1 ,         654 ,   1110.0000000000000      ,   1.8950639668613434E-013
           1 ,         655 ,   1112.0000000000000      ,   4.8228782079107191E-014
           1 ,         656 ,   1114.0000000000000      ,   1.8909700194580381E-013
           1 ,         657 ,   1115.0000000000000      ,   4.7923904428204267E-014
           1 ,         658 ,   1117.0000000000000      ,   1.8893740738601394E-013
           1 ,         659 ,   1118.0000000000000      ,   4.7870561681317980E-014
           1 ,         660 ,   1120.0000000000000      ,   1.8908832832842393E-013
           1 ,         661 ,   1122.0000000000000      ,   4.7517979134825694E-014
           1 ,         662 ,   1123.0000000000000      ,   1.8858959532908059E-013
           1 ,         663 ,   1125.0000000000000      ,   4.7593005925161691E-014
           1 ,         664 ,   1127.0000000000000      ,   1.8938149659586401E-013
           1 ,         665 ,   1128.0000000000000      ,   4.7733952207584807E-014
           1 ,         666 ,   1130.0000000000000      ,   1.8920108535436242E-013
           1 ,         667 ,   1132.0000000000000      ,   4.7703594546755212E-014
           1 ,         668 ,   1133.0000000000000      ,   1.8913082905358536E-013
           1 ,         669 ,   1135.0000000000000      ,   4.7230448718682538E-014
           1 ,         670 ,   1137.0000000000000      ,   1.8895128517382176E-013
           1 ,         671 ,   1138.0000000000000      ,   4.7378767575878555E-014
           1 ,         672 ,   1140.0000000000000      ,   1.8867719886461742E-013
           1 ,         673 ,   1141.0000000000000      ,   4.7253867485608225E-014
           1 ,         674 ,   1143.0000000000000      ,   1.8846296051533429E-013
           1 ,         675 ,   1145.0000000000000      ,   4.7473743686188286E-014
           1 ,         676 ,   1146.0000000000000      ,   1.8821576242000759E-013
           1 ,         677 ,   1148.0000000000000      ,   4.7086900351045458E-014
           1 ,         678 ,   1150.0000000000000      ,   1.8880903784879166E-013
           1 ,         679 ,   1151.0000000000000      ,   4.7275985209926930E-014
           1 ,         680 ,   1153.0000000000000      ,   1.8843520493971866E-013
           1 ,         681 ,   1155.0000000000000      ,   4.6752098720181934E-014
           1 ,         682 ,   1156.0000000000000      ,   1.8840484727888906E-013
           1 ,         683 ,   1158.0000000000000      ,   4.7276852571664918E-014
           1 ,         684 ,   1160.0000000000000      ,   1.8844474591883653E-013
           1 ,         685 ,   1161.0000000000000      ,   4.6871794640024333E-014
           1 ,         686 ,   1163.0000000000000      ,   1.8831550901987626E-013
           1 ,         687 ,   1164.0000000000000      ,   4.6487987070964465E-014
           1 ,         688 ,   1166.0000000000000      ,   1.8812208735230485E-013
           1 ,         689 ,   1168.0000000000000      ,   4.6735618847160154E-014
           1 ,         690 ,   1169.0000000000000      ,   1.8817499641832214E-013
           1 ,         691 ,   1171.0000000000000      ,   4.6490155475309436E-014
           1 ,         692 ,   1173.0000000000000      ,   1.8756350639304031E-013
           1 ,         693 ,   1174.0000000000000      ,   4.6594672564737039E-014
           1 ,         694 ,   1176.0000000000000      ,   1.8819841518524782E-013
           1 ,         695 ,   1178.0000000000000      ,   4.6365689065908100E-014
           1 ,         696 ,   1179.0000000000000      ,   1.8800412615593842E-013
           1 ,         697 ,   1181.0000000000000      ,   4.6388674151964793E-014
           1 ,         698 ,   1183.0000000000000      ,   1.8802320811417417E-013
           1 ,         699 ,   1184.0000000000000      ,   4.5974508922075330E-014
           1 ,         700 ,   1186.0000000000000      ,   1.8766065090769501E-013
           1 ,         701 ,   1187.0000000000000      ,   4.5935043962996858E-014
           1 ,         702 ,   1189.0000000000000      ,   1.8756177166956434E-013
           1 ,         703 ,   1191.0000000000000      ,   4.6168797951384732E-014
           1 ,         704 ,   1192.0000000000000      ,   1.8825826314516902E-013
           1 ,         705 ,   1194.0000000000000      ,   4.6020479094188715E-014
           1 ,         706 ,   1196.0000000000000      ,   1.8716625471704162E-013
           1 ,         707 ,   1197.0000000000000      ,   4.5994024561180069E-014
           1 ,         708 ,   1199.0000000000000      ,   1.8749585217747722E-013
           1 ,         709 ,   1201.0000000000000      ,   4.5981014135110243E-014
           1 ,         710 ,   1202.0000000000000      ,   1.8780550031793908E-013
           1 ,         711 ,   1204.0000000000000      ,   4.5869124470909739E-014
           1 ,         712 ,   1206.0000000000000      ,   1.8780289823272511E-013
           1 ,         713 ,   1207.0000000000000      ,   4.5595905523443392E-014
           1 ,         714 ,   1209.0000000000000      ,   1.8703615045634336E-013
           1 ,         715 ,   1211.0000000000000      ,   4.5322686575977045E-014
           1 ,         716 ,   1212.0000000000000      ,   1.8777340793363351E-013
           1 ,         717 ,   1214.0000000000000      ,   4.5088932587589170E-014
           1 ,         718 ,   1216.0000000000000      ,   1.8712375399188019E-013
           1 ,         719 ,   1217.0000000000000      ,   4.5346539023771726E-014
           1 ,         720 ,   1219.0000000000000      ,   1.8740044238629849E-013
           1 ,         721 ,   1220.0000000000000      ,   4.5308808788169230E-014
           1 ,         722 ,   1222.0000000000000      ,   1.8751233205049900E-013
           1 ,         723 ,   1224.0000000000000      ,   4.5542562776557105E-014
           1 ,         724 ,   1225.0000000000000      ,   1.8689043368436131E-013
           1 ,         725 ,   1227.0000000000000      ,   4.5452790836675305E-014
           1 ,         726 ,   1229.0000000000000      ,   1.8719921446308518E-013
           1 ,         727 ,   1230.0000000000000      ,   4.5840067852687127E-014
           1 ,         728 ,   1232.0000000000000      ,   1.8720094918656116E-013
           1 ,         729 ,   1234.0000000000000      ,   4.5123627057108706E-014
           1 ,         730 ,   1235.0000000000000      ,   1.8703615045634336E-013
           1 ,         731 ,   1237.0000000000000      ,   4.5245057700427083E-014
           1 ,         732 ,   1239.0000000000000      ,   1.8698844556075400E-013
           1 ,         733 ,   1240.0000000000000      ,   4.4839132407048510E-014
           1 ,         734 ,   1242.0000000000000      ,   1.8703961990329532E-013
           1 ,         735 ,   1243.0000000000000      ,   4.5014773158991161E-014
           1 ,         736 ,   1245.0000000000000      ,   1.8652093758397825E-013
           1 ,         737 ,   1247.0000000000000      ,   4.5090233630196153E-014
           1 ,         738 ,   1248.0000000000000      ,   1.8717406097268352E-013
           1 ,         739 ,   1250.0000000000000      ,   4.4628363504717328E-014
           1 ,         740 ,   1252.0000000000000      ,   1.8696936360251826E-013
           1 ,         741 ,   1253.0000000000000      ,   4.4823519895764719E-014
           1 ,         742 ,   1255.0000000000000      ,   1.8644374238929728E-013
           1 ,         743 ,   1257.0000000000000      ,   4.5312711915990178E-014
           1 ,         744 ,   1258.0000000000000      ,   1.8652787647788216E-013
           1 ,         745 ,   1260.0000000000000      ,   4.4547265182215412E-014
           1 ,         746 ,   1262.0000000000000      ,   1.8645675281536711E-013
           1 ,         747 ,   1263.0000000000000      ,   4.4537290522228545E-014
           1 ,         748 ,   1265.0000000000000      ,   1.8612889007840749E-013
           1 ,         749 ,   1266.0000000000000      ,   4.4490452988377172E-014
           1 ,         750 ,   1268.0000000000000      ,   1.8610026714105388E-013
           1 ,         751 ,   1270.0000000000000      ,   4.4247158020871424E-014
           1 ,         752 ,   1271.0000000000000      ,   1.8627200476517558E-013
           1 ,         753 ,   1273.0000000000000      ,   4.4820484129681759E-014
           1 ,         754 ,   1275.0000000000000      ,   1.8595455036907182E-013
           1 ,         755 ,   1276.0000000000000      ,   4.4411956751089221E-014
           1 ,         756 ,   1278.0000000000000      ,   1.8612368590797956E-013
           1 ,         757 ,   1280.0000000000000      ,   4.4454023795381659E-014
           1 ,         758 ,   1281.0000000000000      ,   1.8577847593626018E-013
           1 ,         759 ,   1283.0000000000000      ,   4.4479177285783322E-014
           1 ,         760 ,   1285.0000000000000      ,   1.8568306614508145E-013
           1 ,         761 ,   1286.0000000000000      ,   4.4649613867298044E-014
           1 ,         762 ,   1288.0000000000000      ,   1.8613582897231140E-013
           1 ,         763 ,   1289.0000000000000      ,   4.4509101265743922E-014
           1 ,         764 ,   1291.0000000000000      ,   1.8575679189281047E-013
           1 ,         765 ,   1293.0000000000000      ,   4.4232412871325621E-014
           1 ,         766 ,   1294.0000000000000      ,   1.8541331664456706E-013
           1 ,         767 ,   1296.0000000000000      ,   4.4042894331575155E-014
           1 ,         768 ,   1298.0000000000000      ,   1.8578107802147414E-013
           1 ,         769 ,   1299.0000000000000      ,   4.4099706525413396E-014
           1 ,         770 ,   1301.0000000000000      ,   1.8591638645260034E-013
           1 ,         771 ,   1303.0000000000000      ,   4.3987816861212892E-014
           1 ,         772 ,   1304.0000000000000      ,   1.8584959959877523E-013
           1 ,         773 ,   1306.0000000000000      ,   4.3818247641436159E-014
           1 ,         774 ,   1308.0000000000000      ,   1.8582444610837356E-013
           1 ,         775 ,   1309.0000000000000      ,   4.3952255029955367E-014
           1 ,         776 ,   1311.0000000000000      ,   1.8594067258126401E-013
           1 ,         777 ,   1312.0000000000000      ,   4.3906718538710976E-014
           1 ,         778 ,   1314.0000000000000      ,   1.8584266070487132E-013
           1 ,         779 ,   1316.0000000000000      ,   4.3292192747346192E-014
           1 ,         780 ,   1317.0000000000000      ,   1.8538642843068942E-013
           1 ,         781 ,   1319.0000000000000      ,   4.3969168583846141E-014
           1 ,         782 ,   1321.0000000000000      ,   1.8524418110565932E-013
           1 ,         783 ,   1322.0000000000000      ,   4.3762736490204901E-014
           1 ,         784 ,   1324.0000000000000      ,   1.8527714085170288E-013
           1 ,         785 ,   1326.0000000000000      ,   4.3535921395720933E-014
           1 ,         786 ,   1327.0000000000000      ,   1.8541765345325700E-013
           1 ,         787 ,   1329.0000000000000      ,   4.3267906618682517E-014
           1 ,         788 ,   1331.0000000000000      ,   1.8532484574729224E-013
           1 ,         789 ,   1332.0000000000000      ,   4.3354209111612363E-014
           1 ,         790 ,   1334.0000000000000      ,   1.8558678899216474E-013
           1 ,         791 ,   1336.0000000000000      ,   4.3577121078275383E-014
           1 ,         792 ,   1337.0000000000000      ,   1.8499698301033263E-013
           1 ,         793 ,   1339.0000000000000      ,   4.3231911106555998E-014
           1 ,         794 ,   1341.0000000000000      ,   1.8513315880319681E-013
           1 ,         795 ,   1342.0000000000000      ,   4.2898410518299457E-014
           1 ,         796 ,   1344.0000000000000      ,   1.8518173106052416E-013
           1 ,         797 ,   1345.0000000000000      ,   4.3162088486647932E-014
           1 ,         798 ,   1347.0000000000000      ,   1.8536387702550172E-013
           1 ,         799 ,   1349.0000000000000      ,   4.3507732139236310E-014
           1 ,         800 ,   1350.0000000000000      ,   1.8514963867621859E-013
           1 ,         801 ,   1352.0000000000000      ,   4.2818613238404524E-014
           1 ,         802 ,   1354.0000000000000      ,   1.8503384588419713E-013
           1 ,         803 ,   1355.0000000000000      ,   4.3077087036325068E-014
           1 ,         804 ,   1357.0000000000000      ,   1.8474544810631599E-013
           1 ,         805 ,   1359.0000000000000      ,   4.2791291343657889E-014
           1 ,         806 ,   1360.0000000000000      ,   1.8491068051740278E-013
           1 ,         807 ,   1362.0000000000000      ,   4.2989483500788239E-014
           1 ,         808 ,   1364.0000000000000      ,   1.8432217557817765E-013
           1 ,         809 ,   1365.0000000000000      ,   4.2929201859998045E-014
           1 ,         810 ,   1367.0000000000000      ,   1.8476539742628972E-013
           1 ,         811 ,   1368.0000000000000      ,   4.3272677108241453E-014
           1 ,         812 ,   1370.0000000000000      ,   1.8436901311202902E-013
           1 ,         813 ,   1372.0000000000000      ,   4.2819480600142512E-014
           1 ,         814 ,   1373.0000000000000      ,   1.8444013677454407E-013
           1 ,         815 ,   1375.0000000000000      ,   4.2554067908318061E-014
           1 ,         816 ,   1377.0000000000000      ,   1.8465437512382721E-013
           1 ,         817 ,   1378.0000000000000      ,   4.2554501589187055E-014
           1 ,         818 ,   1380.0000000000000      ,   1.8436467630333908E-013
           1 ,         819 ,   1382.0000000000000      ,   4.2819914281011506E-014
           1 ,         820 ,   1383.0000000000000      ,   1.8470988627505847E-013
           1 ,         821 ,   1385.0000000000000      ,   4.2619553719536185E-014
           1 ,         822 ,   1387.0000000000000      ,   1.8409579416456268E-013
           1 ,         823 ,   1388.0000000000000      ,   4.2122555443668830E-014
           1 ,         824 ,   1390.0000000000000      ,   1.8409969729238362E-013
           1 ,         825 ,   1392.0000000000000      ,   4.2587461335230614E-014
           1 ,         826 ,   1393.0000000000000      ,   1.8434472698336535E-013
           1 ,         827 ,   1395.0000000000000      ,   4.2796061833216825E-014
           1 ,         828 ,   1396.0000000000000      ,   1.8429615472603800E-013
           1 ,         829 ,   1398.0000000000000      ,   4.2175464509686122E-014
           1 ,         830 ,   1400.0000000000000      ,   1.8428921583213409E-013
           1 ,         831 ,   1401.0000000000000      ,   4.2322048643406163E-014
           1 ,         832 ,   1403.0000000000000      ,   1.8400385382033591E-013
           1 ,         833 ,   1405.0000000000000      ,   4.2276078471292777E-014
           1 ,         834 ,   1406.0000000000000      ,   1.8397870032993424E-013
           1 ,         835 ,   1408.0000000000000      ,   4.1604740486089753E-014
           1 ,         836 ,   1410.0000000000000      ,   1.8409232471761072E-013
           1 ,         837 ,   1411.0000000000000      ,   4.2163321445354285E-014
           1 ,         838 ,   1413.0000000000000      ,   1.8379135019452875E-013
           1 ,         839 ,   1415.0000000000000      ,   4.1853239624023431E-014
           1 ,         840 ,   1416.0000000000000      ,   1.8361701048519308E-013
           1 ,         841 ,   1418.0000000000000      ,   4.1778646514556428E-014
           1 ,         842 ,   1419.0000000000000      ,   1.8387548428311362E-013
           1 ,         843 ,   1421.0000000000000      ,   4.1844566006643547E-014
           1 ,         844 ,   1423.0000000000000      ,   1.8399951701164596E-013
           1 ,         845 ,   1424.0000000000000      ,   4.2067477973306566E-014
           1 ,         846 ,   1426.0000000000000      ,   1.8386247385704380E-013
           1 ,         847 ,   1428.0000000000000      ,   4.1686272489460663E-014
           1 ,         848 ,   1429.0000000000000      ,   1.8374494634154637E-013
           1 ,         849 ,   1431.0000000000000      ,   4.1948649415202155E-014
           1 ,         850 ,   1433.0000000000000      ,   1.8379828908843265E-013
           1 ,         851 ,   1434.0000000000000      ,   4.1753059343285770E-014
           1 ,         852 ,   1436.0000000000000      ,   1.8359749484608834E-013
           1 ,         853 ,   1438.0000000000000      ,   4.1583923804378031E-014
           1 ,         854 ,   1439.0000000000000      ,   1.8389846936917031E-013
           1 ,         855 ,   1441.0000000000000      ,   4.1531882100098727E-014
           1 ,         856 ,   1442.0000000000000      ,   1.8373670640503548E-013
           1 ,         857 ,   1444.0000000000000      ,   4.2074850548079468E-014
           1 ,         858 ,   1446.0000000000000      ,   1.8339409851853006E-013
           1 ,         859 ,   1447.0000000000000      ,   4.1776478110211457E-014
           1 ,         860 ,   1449.0000000000000      ,   1.8320197789356563E-013
           1 ,         861 ,   1451.0000000000000      ,   4.1836326070132657E-014
           1 ,         862 ,   1452.0000000000000      ,   1.8302286769467102E-013
           1 ,         863 ,   1454.0000000000000      ,   4.1477671991474452E-014
           1 ,         864 ,   1456.0000000000000      ,   1.8316424765796313E-013
           1 ,         865 ,   1457.0000000000000      ,   4.1317643750815591E-014
           1 ,         866 ,   1459.0000000000000      ,   1.8310960386846986E-013
           1 ,         867 ,   1461.0000000000000      ,   4.1434303904575032E-014
           1 ,         868 ,   1462.0000000000000      ,   1.8303024026944392E-013
           1 ,         869 ,   1464.0000000000000      ,   4.1636832870395324E-014
           1 ,         870 ,   1466.0000000000000      ,   1.8301072463033918E-013
           1 ,         871 ,   1467.0000000000000      ,   4.1275143025654160E-014
           1 ,         872 ,   1469.0000000000000      ,   1.8306103161114251E-013
           1 ,         873 ,   1470.0000000000000      ,   4.1338894113396307E-014
           1 ,         874 ,   1472.0000000000000      ,   1.8280255781322197E-013
           1 ,         875 ,   1474.0000000000000      ,   4.1207488810091064E-014
           1 ,         876 ,   1475.0000000000000      ,   1.8314776778494135E-013
           1 ,         877 ,   1477.0000000000000      ,   4.1369685455094896E-014
           1 ,         878 ,   1479.0000000000000      ,   1.8308271565459222E-013
           1 ,         879 ,   1480.0000000000000      ,   4.0408648649403744E-014
           1 ,         880 ,   1482.0000000000000      ,   1.8290750858351856E-013
           1 ,         881 ,   1484.0000000000000      ,   4.1238713832658647E-014
           1 ,         882 ,   1485.0000000000000      ,   1.8285459951750127E-013
           1 ,         883 ,   1487.0000000000000      ,   4.0801997197581485E-014
           1 ,         884 ,   1489.0000000000000      ,   1.8223877268352950E-013
           1 ,         885 ,   1490.0000000000000      ,   4.0592095656988292E-014
           1 ,         886 ,   1492.0000000000000      ,   1.8281643560102978E-013
           1 ,         887 ,   1493.0000000000000      ,   4.0701816916843825E-014
           1 ,         888 ,   1495.0000000000000      ,   1.8250938954578189E-013
           1 ,         889 ,   1497.0000000000000      ,   4.0845798965349900E-014
           1 ,         890 ,   1498.0000000000000      ,   1.8249898120492603E-013
           1 ,         891 ,   1500.0000000000000      ,   4.0375255222491191E-014
           1 ,         892 ,   1502.0000000000000      ,   1.8249377703449809E-013
           1 ,         893 ,   1503.0000000000000      ,   4.0573881060490535E-014
           1 ,         894 ,   1505.0000000000000      ,   1.8205402463333797E-013
           1 ,         895 ,   1507.0000000000000      ,   4.0875722945310500E-014
           1 ,         896 ,   1508.0000000000000      ,   1.8190744049961793E-013
           1 ,         897 ,   1510.0000000000000      ,   4.0358341668600417E-014
           1 ,         898 ,   1512.0000000000000      ,   1.8269327023423543E-013
           1 ,         899 ,   1513.0000000000000      ,   4.0568676890062605E-014
           1 ,         900 ,   1515.0000000000000      ,   1.8244086796848080E-013
           1 ,         901 ,   1517.0000000000000      ,   4.0318876709521945E-014
           1 ,         902 ,   1518.0000000000000      ,   1.8227259979131105E-013
           1 ,         903 ,   1520.0000000000000      ,   4.0818043389734271E-014
           1 ,         904 ,   1521.0000000000000      ,   1.8203667739857821E-013
           1 ,         905 ,   1523.0000000000000      ,   4.0202216555762504E-014
           1 ,         906 ,   1525.0000000000000      ,   1.8167498755383704E-013
           1 ,         907 ,   1526.0000000000000      ,   4.0069943890719273E-014
           1 ,         908 ,   1528.0000000000000      ,   1.8219887404358204E-013
           1 ,         909 ,   1530.0000000000000      ,   4.0471966056276898E-014
           1 ,         910 ,   1531.0000000000000      ,   1.8230295745214065E-013
           1 ,         911 ,   1533.0000000000000      ,   4.0134996021068403E-014
           1 ,         912 ,   1535.0000000000000      ,   1.8206096352724188E-013
           1 ,         913 ,   1536.0000000000000      ,   4.0774675302834851E-014
           1 ,         914 ,   1538.0000000000000      ,   1.8189443007354811E-013
           1 ,         915 ,   1540.0000000000000      ,   4.0137598106282368E-014
           1 ,         916 ,   1541.0000000000000      ,   1.8251589475881680E-013
           1 ,         917 ,   1543.0000000000000      ,   4.0221298513998249E-014
           1 ,         918 ,   1545.0000000000000      ,   1.8185973560402857E-013
           1 ,         919 ,   1546.0000000000000      ,   4.0244717280923936E-014
           1 ,         920 ,   1548.0000000000000      ,   1.8178861194151352E-013
           1 ,         921 ,   1549.0000000000000      ,   3.9721264472047935E-014
           1 ,         922 ,   1551.0000000000000      ,   1.8148503533321758E-013
           1 ,         923 ,   1553.0000000000000      ,   4.0059535549863412E-014
           1 ,         924 ,   1554.0000000000000      ,   1.8176345845111186E-013
           1 ,         925 ,   1556.0000000000000      ,   4.0384796201609063E-014
           1 ,         926 ,   1558.0000000000000      ,   1.8147766275844468E-013
           1 ,         927 ,   1559.0000000000000      ,   4.0473267098883881E-014
           1 ,         928 ,   1561.0000000000000      ,   1.8158564929482424E-013
           1 ,         929 ,   1563.0000000000000      ,   3.9843562477104300E-014
           1 ,         930 ,   1564.0000000000000      ,   1.8161817535999880E-013
           1 ,         931 ,   1566.0000000000000      ,   4.0104204679369815E-014
           1 ,         932 ,   1568.0000000000000      ,   1.8138268664813495E-013
           1 ,         933 ,   1569.0000000000000      ,   3.9295823539564623E-014
           1 ,         934 ,   1571.0000000000000      ,   1.8157914408178932E-013
           1 ,         935 ,   1573.0000000000000      ,   3.9488377845398048E-014
           1 ,         936 ,   1574.0000000000000      ,   1.8124954662135373E-013
           1 ,         937 ,   1576.0000000000000      ,   3.9758561026781436E-014
           1 ,         938 ,   1577.0000000000000      ,   1.8130982826214392E-013
           1 ,         939 ,   1579.0000000000000      ,   3.9988845568217357E-014
           1 ,         940 ,   1581.0000000000000      ,   1.8105482391117533E-013
           1 ,         941 ,   1582.0000000000000      ,   3.9503990356681840E-014
           1 ,         942 ,   1584.0000000000000      ,   1.8111423819022754E-013
           1 ,         943 ,   1586.0000000000000      ,   3.9484474717577100E-014
           1 ,         944 ,   1587.0000000000000      ,   1.8094943946000974E-013
           1 ,         945 ,   1589.0000000000000      ,   3.9134060575429785E-014
           1 ,         946 ,   1591.0000000000000      ,   1.8084015188102320E-013
           1 ,         947 ,   1592.0000000000000      ,   3.9912951416143372E-014
           1 ,         948 ,   1594.0000000000000      ,   1.8105742599638930E-013
           1 ,         949 ,   1596.0000000000000      ,   3.9679197427755497E-014
           1 ,         950 ,   1597.0000000000000      ,   1.8122309208834508E-013
           1 ,         951 ,   1599.0000000000000      ,   3.9798025985859908E-014
           1 ,         952 ,   1601.0000000000000      ,   1.8081673311409752E-013
           1 ,         953 ,   1602.0000000000000      ,   3.9340926349940020E-014
           1 ,         954 ,   1604.0000000000000      ,   1.8082670777408438E-013
           1 ,         955 ,   1605.0000000000000      ,   3.9386029160315417E-014
           1 ,         956 ,   1607.0000000000000      ,   1.8058644857266160E-013
           1 ,         957 ,   1609.0000000000000      ,   3.9596798062646599E-014
           1 ,         958 ,   1610.0000000000000      ,   1.8061333678653924E-013
           1 ,         959 ,   1612.0000000000000      ,   3.9868715967505963E-014
           1 ,         960 ,   1614.0000000000000      ,   1.8080502373063467E-013
           1 ,         961 ,   1615.0000000000000      ,   3.9199980067516904E-014
           1 ,         962 ,   1617.0000000000000      ,   1.8028590773044861E-013
           1 ,         963 ,   1619.0000000000000      ,   3.9724300238130894E-014
           1 ,         964 ,   1620.0000000000000      ,   1.8046935473803316E-013
           1 ,         965 ,   1622.0000000000000      ,   3.9556899422699132E-014
           1 ,         966 ,   1624.0000000000000      ,   1.8093989848089187E-013
           1 ,         967 ,   1625.0000000000000      ,   3.8934133694823458E-014
           1 ,         968 ,   1627.0000000000000      ,   1.8023993755833523E-013
           1 ,         969 ,   1628.0000000000000      ,   3.9070743168556632E-014
           1 ,         970 ,   1630.0000000000000      ,   1.8030282128433939E-013
           1 ,         971 ,   1632.0000000000000      ,   3.9212990493586730E-014
           1 ,         972 ,   1633.0000000000000      ,   1.8032537268952709E-013
           1 ,         973 ,   1635.0000000000000      ,   3.9069875806818644E-014
           1 ,         974 ,   1637.0000000000000      ,   1.8065236806474871E-013
           1 ,         975 ,   1638.0000000000000      ,   3.9022604592098276E-014
           1 ,         976 ,   1640.0000000000000      ,   1.8039823107551811E-013
           1 ,         977 ,   1642.0000000000000      ,   3.8876454139247230E-014
           1 ,         978 ,   1643.0000000000000      ,   1.8001008669776830E-013
           1 ,         979 ,   1645.0000000000000      ,   3.8864744755784386E-014
           1 ,         980 ,   1647.0000000000000      ,   1.8013888991585958E-013
           1 ,         981 ,   1648.0000000000000      ,   3.8623618192623610E-014
           1 ,         982 ,   1650.0000000000000      ,   1.7965229998084808E-013
           1 ,         983 ,   1651.0000000000000      ,   3.9216459940538684E-014
           1 ,         984 ,   1653.0000000000000      ,   1.7972082155814917E-013
           1 ,         985 ,   1655.0000000000000      ,   3.8853902734059531E-014
           1 ,         986 ,   1656.0000000000000      ,   1.8016577812973722E-013
           1 ,         987 ,   1658.0000000000000      ,   3.8918521183539667E-014
           1 ,         988 ,   1660.0000000000000      ,   1.8000705093168534E-013
           1 ,         989 ,   1661.0000000000000      ,   3.8870816287950305E-014
           1 ,         990 ,   1663.0000000000000      ,   1.7975551602766870E-013
           1 ,         991 ,   1665.0000000000000      ,   3.8689104003841734E-014
           1 ,         992 ,   1666.0000000000000      ,   1.8021565142967155E-013
           1 ,         993 ,   1668.0000000000000      ,   3.8705150195994520E-014
           1 ,         994 ,   1670.0000000000000      ,   1.7977329694329747E-013
           1 ,         995 ,   1671.0000000000000      ,   3.8367312799048037E-014
           1 ,         996 ,   1673.0000000000000      ,   1.7965056525737211E-013
           1 ,         997 ,   1675.0000000000000      ,   3.8099298022009620E-014
           1 ,         998 ,   1676.0000000000000      ,   1.7996368284478592E-013
           1 ,         999 ,   1678.0000000000000      ,   3.8478335101510552E-014
           1 ,        1000 ,   1679.0000000000000      ,   1.7975378130419273E-013
           1 ,        1001 ,   1681.0000000000000      ,   3.8580250105724190E-014
           1 ,        1002 ,   1683.0000000000000      ,   1.7997929535606971E-013
           1 ,        1003 ,   1684.0000000000000      ,   3.8340858266039390E-014
           1 ,        1004 ,   1686.0000000000000      ,   1.7945714358980069E-013
           1 ,        1005 ,   1688.0000000000000      ,   3.8618847703064674E-014
           1 ,        1006 ,   1689.0000000000000      ,   1.7944239844025489E-013
           1 ,        1007 ,   1691.0000000000000      ,   3.8630123405658523E-014
           1 ,        1008 ,   1693.0000000000000      ,   1.7942591856723311E-013
           1 ,        1009 ,   1694.0000000000000      ,   3.8871683649688293E-014
           1 ,        1010 ,   1696.0000000000000      ,   1.7954648184881350E-013
           1 ,        1011 ,   1698.0000000000000      ,   3.8527774720575891E-014
           1 ,        1012 ,   1699.0000000000000      ,   1.7947535818629845E-013
           1 ,        1013 ,   1701.0000000000000      ,   3.8869948926212317E-014
           1 ,        1014 ,   1702.0000000000000      ,   1.7933831503169628E-013
           1 ,        1015 ,   1704.0000000000000      ,   3.8311367966947785E-014
           1 ,        1016 ,   1706.0000000000000      ,   1.7923596634661365E-013
           1 ,        1017 ,   1707.0000000000000      ,   3.8590224765711056E-014
           1 ,        1018 ,   1709.0000000000000      ,   1.7921037917534299E-013
           1 ,        1019 ,   1711.0000000000000      ,   3.8500452825829257E-014
           1 ,        1020 ,   1712.0000000000000      ,   1.7876065211419601E-013
           1 ,        1021 ,   1714.0000000000000      ,   3.7895901694451339E-014
           1 ,        1022 ,   1716.0000000000000      ,   1.7923856843182762E-013
           1 ,        1023 ,   1717.0000000000000      ,   3.8046388955992327E-014
           1 ,        1024 ,   1719.0000000000000      ,   1.7944023003590992E-013
           1 ,        1025 ,   1721.0000000000000      ,   3.8721630069016300E-014
           1 ,        1026 ,   1722.0000000000000      ,   1.7940900501334234E-013
           1 ,        1027 ,   1724.0000000000000      ,   3.8389864204235735E-014
           1 ,        1028 ,   1726.0000000000000      ,   1.7928800805089296E-013
           1 ,        1029 ,   1727.0000000000000      ,   3.8352567649502234E-014
           1 ,        1030 ,   1729.0000000000000      ,   1.7914662808760085E-013
           1 ,        1031 ,   1730.0000000000000      ,   3.8427594439838231E-014
           1 ,        1032 ,   1732.0000000000000      ,   1.7887774594882444E-013
           1 ,        1033 ,   1734.0000000000000      ,   3.8089323362022753E-014
           1 ,        1034 ,   1735.0000000000000      ,   1.7908938221289361E-013
           1 ,        1035 ,   1737.0000000000000      ,   3.8075445574214939E-014
           1 ,        1036 ,   1739.0000000000000      ,   1.7888338380012136E-013
           1 ,        1037 ,   1740.0000000000000      ,   3.7954448611765557E-014
           1 ,        1038 ,   1742.0000000000000      ,   1.7879621394545353E-013
           1 ,        1039 ,   1744.0000000000000      ,   3.8012995529079774E-014
           1 ,        1040 ,   1745.0000000000000      ,   1.7883784730887697E-013
           1 ,        1041 ,   1747.0000000000000      ,   3.7441404143745416E-014
           1 ,        1042 ,   1749.0000000000000      ,   1.7854728112665086E-013
           1 ,        1043 ,   1750.0000000000000      ,   3.8120548384590336E-014
           1 ,        1044 ,   1752.0000000000000      ,   1.7836513516167329E-013
           1 ,        1045 ,   1753.0000000000000      ,   3.7961387505669464E-014
           1 ,        1046 ,   1755.0000000000000      ,   1.7829271045655126E-013
           1 ,        1047 ,   1757.0000000000000      ,   3.8251086326157591E-014
           1 ,        1048 ,   1758.0000000000000      ,   1.7858284295790838E-013
           1 ,        1049 ,   1760.0000000000000      ,   3.7487374315858801E-014
           1 ,        1050 ,   1762.0000000000000      ,   1.7840590116335875E-013
           1 ,        1051 ,   1763.0000000000000      ,   3.8153941811502889E-014
           1 ,        1052 ,   1765.0000000000000      ,   1.7840026331206182E-013
           1 ,        1053 ,   1767.0000000000000      ,   3.7998684060402965E-014
           1 ,        1054 ,   1768.0000000000000      ,   1.7800171059345615E-013
           1 ,        1055 ,   1770.0000000000000      ,   3.8196442536664321E-014
           1 ,        1056 ,   1772.0000000000000      ,   1.7847572378326682E-013
           1 ,        1057 ,   1773.0000000000000      ,   3.7471328123706016E-014
           1 ,        1058 ,   1775.0000000000000      ,   1.7827102641310155E-013
           1 ,        1059 ,   1776.0000000000000      ,   3.8071108765524997E-014
           1 ,        1060 ,   1778.0000000000000      ,   1.7825064341225882E-013
           1 ,        1061 ,   1780.0000000000000      ,   3.7701178984272943E-014
           1 ,        1062 ,   1781.0000000000000      ,   1.7811360025765666E-013
           1 ,        1063 ,   1783.0000000000000      ,   3.7960086463062481E-014
           1 ,        1064 ,   1785.0000000000000      ,   1.7845620814416208E-013
           1 ,        1065 ,   1786.0000000000000      ,   3.8100165383747608E-014
           1 ,        1066 ,   1788.0000000000000      ,   1.7820901004883538E-013
           1 ,        1067 ,   1790.0000000000000      ,   3.8045955275123333E-014
           1 ,        1068 ,   1791.0000000000000      ,   1.7854337799882991E-013
           1 ,        1069 ,   1793.0000000000000      ,   3.7816104414556406E-014
           1 ,        1070 ,   1795.0000000000000      ,   1.7779874794676687E-013
           1 ,        1071 ,   1796.0000000000000      ,   3.7798323498927644E-014
