           5 ,           2 ,   6.0000000000000000      ,  0.72468187521234517     
           5 ,           3 ,   8.0000000000000000      ,  0.47542831623017417     
           5 ,           4 ,   10.000000000000000      ,  0.34573825148135223     
           5 ,           5 ,   12.000000000000000      ,  0.25911733054167069     
           5 ,           6 ,   14.000000000000000      ,  0.18332338319766264     
           5 ,           7 ,   16.000000000000000      ,  0.14959105774583503     
           5 ,           8 ,   18.000000000000000      ,  0.15751800558071233     
           5 ,           9 ,   20.000000000000000      ,   8.9437974309401563E-002
           5 ,          10 ,   22.000000000000000      ,  0.11317590496779545     
           5 ,          11 ,   24.000000000000000      ,   8.5346925148102062E-002
           5 ,          12 ,   26.000000000000000      ,  0.11407797465045785     
           5 ,          13 ,   28.000000000000000      ,   7.1200742347189580E-002
           5 ,          14 ,   31.000000000000000      ,   5.5685905384019400E-002
           5 ,          15 ,   33.000000000000000      ,   4.1222846196540701E-002
           5 ,          16 ,   35.000000000000000      ,   2.5645916294152207E-002
           5 ,          17 ,   37.000000000000000      ,   5.7524753992852291E-002
           5 ,          18 ,   39.000000000000000      ,   3.2511223834581014E-002
           5 ,          19 ,   41.000000000000000      ,   1.1686538817089866E-002
           5 ,          20 ,   43.000000000000000      ,   1.0892867658063458E-002
           5 ,          21 ,   45.000000000000000      ,   1.9787842958326928E-002
           5 ,          22 ,   47.000000000000000      ,   6.2310723877400262E-002
           5 ,          23 ,   49.000000000000000      ,   9.4345483507405313E-003
           5 ,          24 ,   51.000000000000000      ,   8.0417441448421556E-003
           5 ,          25 ,   54.000000000000000      ,   1.1372511861490195E-003
           5 ,          26 ,   56.000000000000000      ,   1.1185426887911128E-003
           5 ,          27 ,   58.000000000000000      ,   2.2042014540100529E-004
           5 ,          28 ,   60.000000000000000      ,   3.9570054031204741E-004
           5 ,          29 ,   62.000000000000000      ,   7.8018642784095926E-005
           5 ,          30 ,   64.000000000000000      ,   1.4018313951964095E-004
           5 ,          31 ,   66.000000000000000      ,   2.7651703475801981E-005
           5 ,          32 ,   68.000000000000000      ,   4.9740418490634014E-005
           5 ,          33 ,   70.000000000000000      ,   9.8151467024000516E-006
           5 ,          34 ,   72.000000000000000      ,   1.7679147165303860E-005
           5 ,          35 ,   74.000000000000000      ,   3.4898029644160611E-006
           5 ,          36 ,   77.000000000000000      ,   6.2950647585734154E-006
           5 ,          37 ,   79.000000000000000      ,   1.2430406496552471E-006
           5 ,          38 ,   81.000000000000000      ,   2.2456961116766594E-006
           5 ,          39 ,   83.000000000000000      ,   4.4357459441125846E-007
           5 ,          40 ,   85.000000000000000      ,   8.0260927950125127E-007
           5 ,          41 ,   87.000000000000000      ,   1.5857182561734157E-007
           5 ,          42 ,   89.000000000000000      ,   2.8735289799713959E-007
           5 ,          43 ,   91.000000000000000      ,   5.6782318532018483E-008
           5 ,          44 ,   93.000000000000000      ,   1.0304168717757689E-007
           5 ,          45 ,   95.000000000000000      ,   2.0363593389652324E-008
           5 ,          46 ,   97.000000000000000      ,   3.7000427445879613E-008
           5 ,          47 ,   99.000000000000000      ,   7.3124582907965752E-009
           5 ,          48 ,   102.00000000000000      ,   1.3301521873537725E-008
           5 ,          49 ,   104.00000000000000      ,   2.6287637283975429E-009
           5 ,          50 ,   106.00000000000000      ,   4.7863643066331507E-009
           5 ,          51 ,   108.00000000000000      ,   9.4587586461220008E-010
           5 ,          52 ,   110.00000000000000      ,   1.7236030068479291E-009
           5 ,          53 ,   112.00000000000000      ,   3.4058857470431469E-010
           5 ,          54 ,   114.00000000000000      ,   6.2103277208291896E-010
           5 ,          55 ,   116.00000000000000      ,   1.2271015453757528E-010
           5 ,          56 ,   118.00000000000000      ,   2.2387588310968098E-010
           5 ,          57 ,   120.00000000000000      ,   4.4234576071500165E-011
           5 ,          58 ,   122.00000000000000      ,   8.0737205115921640E-011
           5 ,          59 ,   125.00000000000000      ,   1.5948279155630907E-011
           5 ,          60 ,   127.00000000000000      ,   2.9117267624778620E-011
           5 ,          61 ,   129.00000000000000      ,   5.7483878768138652E-012
           5 ,          62 ,   131.00000000000000      ,   1.0494966007357220E-011
           5 ,          63 ,   133.00000000000000      ,   2.0681165113778377E-012
           5 ,          64 ,   135.00000000000000      ,   3.7696078897253571E-012
           5 ,          65 ,   137.00000000000000      ,   7.4716621778492254E-013
           5 ,          66 ,   139.00000000000000      ,   1.3394389763998760E-012
           5 ,          67 ,   141.00000000000000      ,   2.5545364434886864E-013
           5 ,          68 ,   143.00000000000000      ,   4.5706841089732109E-013
           5 ,          69 ,   146.00000000000000      ,   8.5079512879282504E-014
           5 ,          70 ,   148.00000000000000      ,   1.5505825790018690E-013
           5 ,          71 ,   150.00000000000000      ,   2.1737819877465370E-014
           5 ,          72 ,   152.00000000000000      ,   1.9368187609281051E-014
           5 ,          73 ,   154.00000000000000      ,   8.3960616237277463E-015
           5 ,          74 ,   156.00000000000000      ,   7.4766581814600386E-015
           5 ,          75 ,   158.00000000000000      ,   7.2823691521506362E-015
           5 ,          76 ,   160.00000000000000      ,   6.6023575495677278E-015
           5 ,          77 ,   162.00000000000000      ,   8.4706547331947490E-015
           5 ,          78 ,   164.00000000000000      ,   7.4055345189449895E-015
           5 ,          79 ,   166.00000000000000      ,   8.0560558224362921E-015
           5 ,          80 ,   169.00000000000000      ,   7.3881872841852214E-015
           5 ,          81 ,   171.00000000000000      ,   7.6050277186823223E-015
           5 ,          82 ,   173.00000000000000      ,   7.5113526509795747E-015
           5 ,          83 ,   175.00000000000000      ,   7.8565626226989593E-015
           5 ,          84 ,   177.00000000000000      ,   9.3050567251395933E-015
           5 ,          85 ,   179.00000000000000      ,   7.6258444003940440E-015
           5 ,          86 ,   181.00000000000000      ,   7.1088968045529555E-015
           5 ,          87 ,   183.00000000000000      ,   7.3517580911897085E-015
           5 ,          88 ,   185.00000000000000      ,   7.8270723236073536E-015
           5 ,          89 ,   187.00000000000000      ,   7.3222677920981027E-015
           5 ,          90 ,   189.00000000000000      ,   7.2129802131115639E-015
           5 ,          91 ,   192.00000000000000      ,   7.5755374195907166E-015
           5 ,          92 ,   194.00000000000000      ,   8.2989171090730451E-015
           5 ,          93 ,   196.00000000000000      ,   7.6570694229616265E-015
           5 ,          94 ,   198.00000000000000      ,   7.7247236385247220E-015
           5 ,          95 ,   200.00000000000000      ,   7.3378803033818940E-015
           5 ,          96 ,   202.00000000000000      ,   6.5347033340046323E-015
           5 ,          97 ,   204.00000000000000      ,   6.8278716014447127E-015
           5 ,          98 ,   206.00000000000000      ,   7.1401218271205380E-015
           5 ,          99 ,   208.00000000000000      ,   7.3326761329539636E-015
           5 ,         100 ,   210.00000000000000      ,   6.3421490281712067E-015
           5 ,         101 ,   213.00000000000000      ,   7.6084971656342759E-015
           5 ,         102 ,   215.00000000000000      ,   8.7777007884426439E-015
           5 ,         103 ,   217.00000000000000      ,   7.9068696035022867E-015
           5 ,         104 ,   219.00000000000000      ,   7.2580830234869609E-015
           5 ,         105 ,   221.00000000000000      ,   8.2139156587501816E-015
           5 ,         106 ,   223.00000000000000      ,   7.4957401396957835E-015
           5 ,         107 ,   225.00000000000000      ,   6.8590966240122953E-015
           5 ,         108 ,   227.00000000000000      ,   9.2217899982927065E-015
           5 ,         109 ,   229.00000000000000      ,   7.8912570922184955E-015
           5 ,         110 ,   231.00000000000000      ,   7.4497699675823981E-015
           5 ,         111 ,   234.00000000000000      ,   7.5772721430666934E-015
           5 ,         112 ,   236.00000000000000      ,   6.7029715111743826E-015
           5 ,         113 ,   238.00000000000000      ,   7.8253376001313768E-015
           5 ,         114 ,   240.00000000000000      ,   6.3117913673416126E-015
           5 ,         115 ,   242.00000000000000      ,   7.6900291690051858E-015
           5 ,         116 ,   244.00000000000000      ,   7.9380946260698693E-015
           5 ,         117 ,   246.00000000000000      ,   7.1852246374959350E-015
           5 ,         118 ,   248.00000000000000      ,   8.3405504724964885E-015
           5 ,         119 ,   250.00000000000000      ,   7.0481814828937672E-015
           5 ,         120 ,   252.00000000000000      ,   6.7272576398380579E-015
           5 ,         121 ,   254.00000000000000      ,   6.8122590901609215E-015
           5 ,         122 ,   257.00000000000000      ,   6.2562802161103548E-015
           5 ,         123 ,   259.00000000000000      ,   6.4306199254460239E-015
           5 ,         124 ,   261.00000000000000      ,   6.6812874677246725E-015
           5 ,         125 ,   263.00000000000000      ,   7.5980888247784151E-015
           5 ,         126 ,   265.00000000000000      ,   7.9727890955894054E-015
           5 ,         127 ,   267.00000000000000      ,   8.0421780346284777E-015
           5 ,         128 ,   269.00000000000000      ,   7.2910427695305202E-015
           5 ,         129 ,   271.00000000000000      ,   7.5096179275035979E-015
           5 ,         130 ,   273.00000000000000      ,   6.2103100439969694E-015
           5 ,         131 ,   275.00000000000000      ,   7.6362527412499048E-015
           5 ,         132 ,   277.00000000000000      ,   6.3412816664332183E-015
           5 ,         133 ,   279.00000000000000      ,   6.8764438587720633E-015
           5 ,         134 ,   282.00000000000000      ,   6.1261759554120943E-015
           5 ,         135 ,   284.00000000000000      ,   8.2885087682171843E-015
           5 ,         136 ,   286.00000000000000      ,   7.2129802131115639E-015
           5 ,         137 ,   288.00000000000000      ,   7.6917638924811627E-015
           5 ,         138 ,   290.00000000000000      ,   9.0968899080223764E-015
           5 ,         139 ,   292.00000000000000      ,   6.8989952639597618E-015
           5 ,         140 ,   294.00000000000000      ,   7.1539996149283525E-015
           5 ,         141 ,   296.00000000000000      ,   7.7125805741928843E-015
           5 ,         142 ,   298.00000000000000      ,   8.2850393212652307E-015
           5 ,         143 ,   300.00000000000000      ,   6.8781785822480401E-015
           5 ,         144 ,   303.00000000000000      ,   8.7360674250192005E-015
           5 ,         145 ,   305.00000000000000      ,   7.3292066860020100E-015
           5 ,         146 ,   307.00000000000000      ,   1.0158540675320182E-014
           5 ,         147 ,   309.00000000000000      ,   7.2355316182992624E-015
           5 ,         148 ,   311.00000000000000      ,   5.6621374255882984E-015
           5 ,         149 ,   313.00000000000000      ,   6.6856242764146145E-015
           5 ,         150 ,   315.00000000000000      ,   6.4583755010616528E-015
           5 ,         151 ,   317.00000000000000      ,   6.9892008847105558E-015
           5 ,         152 ,   319.00000000000000      ,   8.1878948066105295E-015
           5 ,         153 ,   321.00000000000000      ,   7.6050277186823223E-015
           5 ,         154 ,   323.00000000000000      ,   6.3594962629309748E-015
           5 ,         155 ,   325.00000000000000      ,   7.7507444906643741E-015
           5 ,         156 ,   328.00000000000000      ,   1.0283440765590512E-014
           5 ,         157 ,   330.00000000000000      ,   6.7151145755062203E-015
           5 ,         158 ,   332.00000000000000      ,   8.7430063189231078E-015
           5 ,         159 ,   334.00000000000000      ,   7.1808878288059930E-015
           5 ,         160 ,   336.00000000000000      ,   6.4956720557951542E-015
           5 ,         161 ,   338.00000000000000      ,   7.5937520160884731E-015
           5 ,         162 ,   340.00000000000000      ,   6.5468463983364700E-015
           5 ,         163 ,   342.00000000000000      ,   7.4541067762723401E-015
           5 ,         164 ,   344.00000000000000      ,   6.5641936330962380E-015
           5 ,         165 ,   346.00000000000000      ,   7.4914033310058414E-015
           5 ,         166 ,   348.00000000000000      ,   6.0160210146875670E-015
           5 ,         167 ,   351.00000000000000      ,   7.4419637119405024E-015
           5 ,         168 ,   353.00000000000000      ,   6.5850103148079597E-015
           5 ,         169 ,   355.00000000000000      ,   7.2736955347707521E-015
           5 ,         170 ,   357.00000000000000      ,   6.1322474875780131E-015
           5 ,         171 ,   359.00000000000000      ,   6.2953114943198329E-015
           5 ,         172 ,   361.00000000000000      ,   5.9639793104082628E-015
           5 ,         173 ,   363.00000000000000      ,   6.2328614491846679E-015
           5 ,         174 ,   365.00000000000000      ,   7.7021722333370235E-015
           5 ,         175 ,   367.00000000000000      ,   7.8383480262012029E-015
           5 ,         176 ,   369.00000000000000      ,   6.6127658904235886E-015
           5 ,         177 ,   372.00000000000000      ,   7.9190126678341244E-015
           5 ,         178 ,   374.00000000000000      ,   5.6638721490642752E-015
