           3 ,           2 ,   5.0000000000000000      ,  0.72468187521236282     
           3 ,           3 ,   7.0000000000000000      ,  0.47542831623023230     
           3 ,           4 ,   9.0000000000000000      ,  0.34573825148129189     
           3 ,           5 ,   11.000000000000000      ,  0.25911733054169428     
           3 ,           6 ,   13.000000000000000      ,  0.18332338319765001     
           3 ,           7 ,   16.000000000000000      ,  0.14959105774620157     
           3 ,           8 ,   18.000000000000000      ,  0.15751800558018683     
           3 ,           9 ,   20.000000000000000      ,   8.9437974309269946E-002
           3 ,          10 ,   22.000000000000000      ,  0.11317590496770975     
           3 ,          11 ,   24.000000000000000      ,   8.5346925148026470E-002
           3 ,          12 ,   26.000000000000000      ,  0.11407797465052799     
           3 ,          13 ,   28.000000000000000      ,   7.1200742347473825E-002
           3 ,          14 ,   30.000000000000000      ,   5.5685905384097525E-002
           3 ,          15 ,   32.000000000000000      ,   4.1222846196797516E-002
           3 ,          16 ,   34.000000000000000      ,   2.5645916294352623E-002
           3 ,          17 ,   36.000000000000000      ,   5.7524753992580613E-002
           3 ,          18 ,   38.000000000000000      ,   3.2511223834493362E-002
           3 ,          19 ,   40.000000000000000      ,   1.1686538817012093E-002
           3 ,          20 ,   43.000000000000000      ,   1.0892867657947796E-002
           3 ,          21 ,   45.000000000000000      ,   1.9787842958205702E-002
           3 ,          22 ,   47.000000000000000      ,   6.2310723877681336E-002
           3 ,          23 ,   49.000000000000000      ,   9.4345483509283394E-003
           3 ,          24 ,   51.000000000000000      ,   8.0417441450042412E-003
           3 ,          25 ,   53.000000000000000      ,   1.1372511861715137E-003
           3 ,          26 ,   55.000000000000000      ,   1.1185426888240778E-003
           3 ,          27 ,   57.000000000000000      ,   2.2042014540558149E-004
           3 ,          28 ,   59.000000000000000      ,   3.9570054031427132E-004
           3 ,          29 ,   61.000000000000000      ,   7.8018642791607279E-005
           3 ,          30 ,   63.000000000000000      ,   1.4018313953848179E-004
           3 ,          31 ,   66.000000000000000      ,   2.7651703479359899E-005
           3 ,          32 ,   68.000000000000000      ,   4.9740418497649236E-005
           3 ,          33 ,   70.000000000000000      ,   9.8151467019472888E-006
           3 ,          34 ,   72.000000000000000      ,   1.7679147178959603E-005
           3 ,          35 ,   74.000000000000000      ,   3.4898029665116070E-006
           3 ,          36 ,   76.000000000000000      ,   6.2950647655886371E-006
           3 ,          37 ,   78.000000000000000      ,   1.2430406534213317E-006
           3 ,          38 ,   80.000000000000000      ,   2.2456961237034972E-006
           3 ,          39 ,   82.000000000000000      ,   4.4357460807307320E-007
           3 ,          40 ,   84.000000000000000      ,   8.0260930221398574E-007
           3 ,          41 ,   86.000000000000000      ,   1.5857183344961806E-007
           3 ,          42 ,   88.000000000000000      ,   2.8735291264687934E-007
           3 ,          43 ,   91.000000000000000      ,   5.6782320617156101E-008
           3 ,          44 ,   93.000000000000000      ,   1.0304169533598140E-007
           3 ,          45 ,   95.000000000000000      ,   2.0363594461711432E-008
           3 ,          46 ,   97.000000000000000      ,   3.7000429645508981E-008
           3 ,          47 ,   99.000000000000000      ,   7.3124628123533153E-009
           3 ,          48 ,   101.00000000000000      ,   1.3301529436932080E-008
           3 ,          49 ,   103.00000000000000      ,   2.6287659575172095E-009
           3 ,          50 ,   105.00000000000000      ,   4.7863702515305029E-009
           3 ,          51 ,   107.00000000000000      ,   9.4587855950512001E-010
           3 ,          52 ,   109.00000000000000      ,   1.7236144629617645E-009
           3 ,          53 ,   111.00000000000000      ,   3.4059594814644933E-010
           3 ,          54 ,   113.00000000000000      ,   6.2106030908337662E-010
           3 ,          55 ,   116.00000000000000      ,   1.2271572299993316E-010
           3 ,          56 ,   118.00000000000000      ,   2.2389047386883743E-010
           3 ,          57 ,   120.00000000000000      ,   4.4237319536677422E-011
           3 ,          58 ,   122.00000000000000      ,   8.0745599442821892E-011
           3 ,          59 ,   124.00000000000000      ,   1.5952767752624997E-011
           3 ,          60 ,   126.00000000000000      ,   2.9128326486937972E-011
           3 ,          61 ,   128.00000000000000      ,   5.7544637457884740E-012
           3 ,          62 ,   130.00000000000000      ,   1.0510337392077851E-011
           3 ,          63 ,   132.00000000000000      ,   2.0763911423582471E-012
           3 ,          64 ,   134.00000000000000      ,   3.7938888142186045E-012
           3 ,          65 ,   136.00000000000000      ,   7.4925395748826062E-013
           3 ,          66 ,   138.00000000000000      ,   1.3357370765021415E-015
           3 ,          67 ,   141.00000000000000      ,   2.1727324800435710E-013
           3 ,          68 ,   143.00000000000000      ,   3.8302694349567901E-015
           3 ,          69 ,   145.00000000000000      ,   1.2306735491796061E-013
           3 ,          70 ,   147.00000000000000      ,   1.4155343563970746E-015
           3 ,          71 ,   149.00000000000000      ,   7.0390741846448890E-014
           3 ,          72 ,   151.00000000000000      ,   9.7144514654701197E-016
           3 ,          73 ,   153.00000000000000      ,   3.9445009758498628E-014
           3 ,          74 ,   155.00000000000000      ,   2.7616797737550769E-015
           3 ,          75 ,   157.00000000000000      ,   2.2937381161103332E-014
           3 ,          76 ,   159.00000000000000      ,   1.4918621893400541E-015
           3 ,          77 ,   161.00000000000000      ,   1.3124050457502534E-014
           3 ,          78 ,   163.00000000000000      ,   2.9906632725840154E-015
           3 ,          79 ,   166.00000000000000      ,   7.2285927243953552E-015
           3 ,          80 ,   168.00000000000000      ,   1.4641066137244252E-015
           3 ,          81 ,   170.00000000000000      ,   4.3697684359855771E-015
           3 ,          82 ,   172.00000000000000      ,   1.1527237497865883E-015
           3 ,          83 ,   174.00000000000000      ,   2.1233015345956119E-015
           3 ,          84 ,   176.00000000000000      ,   6.1235738701981290E-016
           3 ,          85 ,   178.00000000000000      ,   1.4398204850607499E-015
           3 ,          86 ,   180.00000000000000      ,   1.5820678100908481E-015
           3 ,          87 ,   182.00000000000000      ,   3.6498581934552021E-015
           3 ,          88 ,   184.00000000000000      ,   1.6445178552260131E-015
           3 ,          89 ,   186.00000000000000      ,   1.3695641842836892E-015
           3 ,          90 ,   188.00000000000000      ,   4.9682480351975755E-015
           3 ,          91 ,   190.00000000000000      ,   2.5101448697384399E-015
           3 ,          92 ,   193.00000000000000      ,   1.7347234759768071E-015
           3 ,          93 ,   195.00000000000000      ,   1.2680828609390460E-015
           3 ,          94 ,   197.00000000000000      ,   5.6690763194922056E-015
           3 ,          95 ,   199.00000000000000      ,   1.1102230246251565E-015
           3 ,          96 ,   201.00000000000000      ,   8.2919782151691379E-016
           3 ,          97 ,   203.00000000000000      ,   2.1475876632592872E-015
           3 ,          98 ,   205.00000000000000      ,   2.4841240175987878E-015
           3 ,          99 ,   207.00000000000000      ,   1.0902737046514233E-015
           3 ,         100 ,   209.00000000000000      ,   5.5858095926453188E-015
           3 ,         101 ,   211.00000000000000      ,   1.5560469579511960E-015
           3 ,         102 ,   213.00000000000000      ,   1.0356299151581538E-015
           3 ,         103 ,   215.00000000000000      ,   1.4554329963445412E-015
           3 ,         104 ,   218.00000000000000      ,   1.6722734308416420E-015
           3 ,         105 ,   220.00000000000000      ,   1.5907414274707321E-015
           3 ,         106 ,   222.00000000000000      ,   8.3613671542082102E-016
           3 ,         107 ,   224.00000000000000      ,   1.1397133237167623E-015
           3 ,         108 ,   226.00000000000000      ,   1.1518563880485999E-015
           3 ,         109 ,   228.00000000000000      ,   2.6905561112400278E-015
           3 ,         110 ,   230.00000000000000      ,   1.6237011735142914E-015
           3 ,         111 ,   232.00000000000000      ,   4.7566117711284051E-015
           3 ,         112 ,   234.00000000000000      ,   2.2482016248659420E-015
           3 ,         113 ,   236.00000000000000      ,   2.8657631823136853E-015
           3 ,         114 ,   238.00000000000000      ,   9.3675067702747583E-016
