           1 ,           2 ,   5.0000000000000000      ,  0.72468187521235883     
           1 ,           3 ,   7.0000000000000000      ,  0.47542831623020509     
           1 ,           4 ,   9.0000000000000000      ,  0.34573825148106241     
           1 ,           5 ,   11.000000000000000      ,  0.25911733054176667     
           1 ,           6 ,   13.000000000000000      ,  0.18332338319765987     
           1 ,           7 ,   15.000000000000000      ,  0.14959105774617490     
           1 ,           8 ,   18.000000000000000      ,  0.15751800557995607     
           1 ,           9 ,   20.000000000000000      ,   8.9437974309309734E-002
           1 ,          10 ,   22.000000000000000      ,  0.11317590496760274     
           1 ,          11 ,   24.000000000000000      ,   8.5346925148084729E-002
           1 ,          12 ,   26.000000000000000      ,  0.11407797465071937     
           1 ,          13 ,   28.000000000000000      ,   7.1200742347536247E-002
           1 ,          14 ,   30.000000000000000      ,   5.5685905384250542E-002
           1 ,          15 ,   32.000000000000000      ,   4.1222846196921091E-002
           1 ,          16 ,   34.000000000000000      ,   2.5645916294493358E-002
           1 ,          17 ,   36.000000000000000      ,   5.7524753992069272E-002
           1 ,          18 ,   38.000000000000000      ,   3.2511223834419206E-002
           1 ,          19 ,   41.000000000000000      ,   1.1686538816872748E-002
           1 ,          20 ,   43.000000000000000      ,   1.0892867657795248E-002
           1 ,          21 ,   45.000000000000000      ,   1.9787842957885011E-002
           1 ,          22 ,   47.000000000000000      ,   6.2310723878317154E-002
           1 ,          23 ,   49.000000000000000      ,   9.4345483509854968E-003
           1 ,          24 ,   51.000000000000000      ,   8.0417441448287497E-003
           1 ,          25 ,   53.000000000000000      ,   1.1372511860953125E-003
           1 ,          26 ,   55.000000000000000      ,   1.1185426887117232E-003
           1 ,          27 ,   57.000000000000000      ,   2.2042014537455856E-004
           1 ,          28 ,   59.000000000000000      ,   3.9570054025197046E-004
           1 ,          29 ,   61.000000000000000      ,   7.8018642789967965E-005
           1 ,          30 ,   63.000000000000000      ,   1.4018313952952541E-004
           1 ,          31 ,   66.000000000000000      ,   2.7651703475924279E-005
           1 ,          32 ,   68.000000000000000      ,   4.9740418513579202E-005
           1 ,          33 ,   70.000000000000000      ,   9.8151467034452225E-006
           1 ,          34 ,   72.000000000000000      ,   1.7679147181166172E-005
           1 ,          35 ,   74.000000000000000      ,   3.4898029670996783E-006
           1 ,          36 ,   76.000000000000000      ,   6.2950647675662219E-006
           1 ,          37 ,   78.000000000000000      ,   1.2430406542852240E-006
           1 ,          38 ,   80.000000000000000      ,   2.2456961259256780E-006
           1 ,          39 ,   82.000000000000000      ,   4.4357460814679894E-007
           1 ,          40 ,   84.000000000000000      ,   8.0260930235970251E-007
           1 ,          41 ,   86.000000000000000      ,   1.5857183366125432E-007
           1 ,          42 ,   88.000000000000000      ,   2.8735291286025033E-007
           1 ,          43 ,   91.000000000000000      ,   5.6782319424533712E-008
           1 ,          44 ,   93.000000000000000      ,   1.0304169327166046E-007
           1 ,          45 ,   95.000000000000000      ,   2.0363595297848147E-008
           1 ,          46 ,   97.000000000000000      ,   3.7000431848607795E-008
           1 ,          47 ,   99.000000000000000      ,   7.3124621548931179E-009
           1 ,          48 ,   101.00000000000000      ,   1.3301528387424377E-008
           1 ,          49 ,   103.00000000000000      ,   2.6287649773984456E-009
           1 ,          50 ,   105.00000000000000      ,   4.7863693390659545E-009
           1 ,          51 ,   107.00000000000000      ,   9.4587854736205568E-010
           1 ,          52 ,   109.00000000000000      ,   1.7236153702221424E-009
           1 ,          53 ,   111.00000000000000      ,   3.4059697336802364E-010
           1 ,          54 ,   113.00000000000000      ,   6.2106203166378826E-010
           1 ,          55 ,   116.00000000000000      ,   1.2271698067445325E-010
           1 ,          56 ,   118.00000000000000      ,   2.2389198828243195E-010
           1 ,          57 ,   120.00000000000000      ,   4.4236298651911810E-011
           1 ,          58 ,   122.00000000000000      ,   8.0744286257150577E-011
           1 ,          59 ,   124.00000000000000      ,   1.5952412134312421E-011
           1 ,          60 ,   126.00000000000000      ,   2.9128092299268715E-011
           1 ,          61 ,   128.00000000000000      ,   5.7553337096116763E-012
           1 ,          62 ,   130.00000000000000      ,   1.0512781617455502E-011
           1 ,          63 ,   132.00000000000000      ,   2.0753815332952286E-012
           1 ,          64 ,   134.00000000000000      ,   3.7916128570181229E-012
           1 ,          65 ,   136.00000000000000      ,   1.0727529975440575E-013
           1 ,          66 ,   138.00000000000000      ,   6.8084426985137725E-014
           1 ,          67 ,   141.00000000000000      ,   1.0730218796828339E-013
           1 ,          68 ,   143.00000000000000      ,   6.7638603051811685E-014
           1 ,          69 ,   145.00000000000000      ,   1.0692315088878246E-013
           1 ,          70 ,   147.00000000000000      ,   6.7855443486308786E-014
           1 ,          71 ,   149.00000000000000      ,   1.0798827110303222E-013
           1 ,          72 ,   151.00000000000000      ,   6.7758298971654085E-014
           1 ,          73 ,   153.00000000000000      ,   1.0760749930005531E-013
           1 ,          74 ,   155.00000000000000      ,   6.7551866878012845E-014
           1 ,          75 ,   157.00000000000000      ,   1.0808368089421094E-013
           1 ,          76 ,   159.00000000000000      ,   6.8233613204071730E-014
           1 ,          77 ,   161.00000000000000      ,   1.0816347817410588E-013
           1 ,          78 ,   164.00000000000000      ,   6.7581357177104451E-014
           1 ,          79 ,   166.00000000000000      ,   1.0787811616230769E-013
           1 ,          80 ,   168.00000000000000      ,   6.7421762617314585E-014
           1 ,          81 ,   170.00000000000000      ,   1.0873506955944023E-013
           1 ,          82 ,   172.00000000000000      ,   6.7310740314852069E-014
           1 ,          83 ,   174.00000000000000      ,   1.0923640464399753E-013
           1 ,          84 ,   176.00000000000000      ,   6.7341965337419651E-014
           1 ,          85 ,   178.00000000000000      ,   1.0941681588549912E-013
           1 ,          86 ,   180.00000000000000      ,   6.6160618650279446E-014
           1 ,          87 ,   182.00000000000000      ,   1.0908374897811157E-013
           1 ,          88 ,   184.00000000000000      ,   6.6762567696443398E-014
           1 ,          89 ,   186.00000000000000      ,   1.0980452658237994E-013
           1 ,          90 ,   189.00000000000000      ,   6.6455521641195503E-014
           1 ,          91 ,   191.00000000000000      ,   1.1037438324423832E-013
           1 ,          92 ,   193.00000000000000      ,   6.6467664705527341E-014
           1 ,          93 ,   195.00000000000000      ,   1.0966748342777777E-013
           1 ,          94 ,   197.00000000000000      ,   6.5673161353529963E-014
           1 ,          95 ,   199.00000000000000      ,   1.0947579648368233E-013
           1 ,          96 ,   201.00000000000000      ,   6.6193578396323005E-014
           1 ,          97 ,   203.00000000000000      ,   1.1031280056084114E-013
           1 ,          98 ,   205.00000000000000      ,   6.6138067245091747E-014
           1 ,          99 ,   207.00000000000000      ,   1.0997713156823963E-013
           1 ,         100 ,   209.00000000000000      ,   6.6750424632111560E-014
           1 ,         101 ,   211.00000000000000      ,   1.0985223147796930E-013
           1 ,         102 ,   214.00000000000000      ,   6.6315009039641382E-014
           1 ,         103 ,   216.00000000000000      ,   1.1125562277003453E-013
           1 ,         104 ,   218.00000000000000      ,   6.5086824818649802E-014
           1 ,         105 ,   220.00000000000000      ,   1.1126689847262838E-013
           1 ,         106 ,   222.00000000000000      ,   6.5036517837846475E-014
           1 ,         107 ,   224.00000000000000      ,   1.1047412984410698E-013
           1 ,         108 ,   226.00000000000000      ,   6.5673161353529963E-014
           1 ,         109 ,   228.00000000000000      ,   1.1118536646925747E-013
           1 ,         110 ,   230.00000000000000      ,   6.4604571692328250E-014
           1 ,         111 ,   232.00000000000000      ,   1.1120271370401724E-013
           1 ,         112 ,   234.00000000000000      ,   6.5336624999190462E-014
           1 ,         113 ,   236.00000000000000      ,   1.1154879103747461E-013
           1 ,         114 ,   239.00000000000000      ,   6.4811003785969490E-014
           1 ,         115 ,   241.00000000000000      ,   1.1170838559726448E-013
           1 ,         116 ,   243.00000000000000      ,   6.4247218656277028E-014
           1 ,         117 ,   245.00000000000000      ,   1.1232421243123625E-013
           1 ,         118 ,   247.00000000000000      ,   6.4264565891036796E-014
           1 ,         119 ,   249.00000000000000      ,   1.1197986982125485E-013
           1 ,         120 ,   251.00000000000000      ,   6.3969662900120738E-014
           1 ,         121 ,   253.00000000000000      ,   1.1264947308298190E-013
           1 ,         122 ,   255.00000000000000      ,   6.4349567341359659E-014
           1 ,         123 ,   257.00000000000000      ,   1.1248987852319203E-013
           1 ,         124 ,   259.00000000000000      ,   6.4189972781569793E-014
           1 ,         125 ,   262.00000000000000      ,   1.1358882584522334E-013
           1 ,         126 ,   264.00000000000000      ,   6.4110175501674860E-014
           1 ,         127 ,   266.00000000000000      ,   1.1286631351747900E-013
           1 ,         128 ,   268.00000000000000      ,   6.3039851116997170E-014
           1 ,         129 ,   270.00000000000000      ,   1.1350555911837645E-013
           1 ,         130 ,   272.00000000000000      ,   6.3251487381066340E-014
           1 ,         131 ,   274.00000000000000      ,   1.1306060254678840E-013
           1 ,         132 ,   276.00000000000000      ,   6.2800459277312370E-014
           1 ,         133 ,   278.00000000000000      ,   1.1239446873201331E-013
           1 ,         134 ,   280.00000000000000      ,   6.1672889017927446E-014
           1 ,         135 ,   282.00000000000000      ,   1.1369724606247189E-013
           1 ,         136 ,   284.00000000000000      ,   6.1898403069804431E-014
           1 ,         137 ,   287.00000000000000      ,   1.1431654234339561E-013
           1 ,         138 ,   289.00000000000000      ,   6.2076212226092053E-014
           1 ,         139 ,   291.00000000000000      ,   1.1447180009449553E-013
           1 ,         140 ,   293.00000000000000      ,   6.1217524105483534E-014
           1 ,         141 ,   295.00000000000000      ,   1.1499828866945450E-013
           1 ,         142 ,   297.00000000000000      ,   6.0940835711065233E-014
           1 ,         143 ,   299.00000000000000      ,   1.1489940943132382E-013
           1 ,         144 ,   301.00000000000000      ,   6.1364975600941563E-014
           1 ,         145 ,   303.00000000000000      ,   1.1472940653067809E-013
           1 ,         146 ,   305.00000000000000      ,   6.0841089111196567E-014
           1 ,         147 ,   307.00000000000000      ,   1.1546926609318220E-013
           1 ,         148 ,   309.00000000000000      ,   5.9626782678012802E-014
           1 ,         149 ,   311.00000000000000      ,   1.1532094723598618E-013
           1 ,         150 ,   314.00000000000000      ,   6.0289447045835942E-014
           1 ,         151 ,   316.00000000000000      ,   1.1644157860146720E-013
           1 ,         152 ,   318.00000000000000      ,   5.9339685942738640E-014
           1 ,         153 ,   320.00000000000000      ,   1.1641382302585157E-013
           1 ,         154 ,   322.00000000000000      ,   5.8883453668556740E-014
           1 ,         155 ,   324.00000000000000      ,   1.1626637153039354E-013
           1 ,         156 ,   326.00000000000000      ,   5.9187897638590670E-014
           1 ,         157 ,   328.00000000000000      ,   1.1658035647954534E-013
           1 ,         158 ,   330.00000000000000      ,   5.8338750497100023E-014
           1 ,         159 ,   332.00000000000000      ,   1.1656647869173753E-013
           1 ,         160 ,   334.00000000000000      ,   5.8317066453650312E-014
           1 ,         161 ,   336.00000000000000      ,   1.1691168866345691E-013
           1 ,         162 ,   339.00000000000000      ,   5.7606697190237810E-014
           1 ,         163 ,   341.00000000000000      ,   1.1763506835293924E-013
           1 ,         164 ,   343.00000000000000      ,   5.6861633457305771E-014
           1 ,         165 ,   345.00000000000000      ,   1.1836365221284950E-013
           1 ,         166 ,   347.00000000000000      ,   5.7093219041348675E-014
           1 ,         167 ,   349.00000000000000      ,   1.1741302374801421E-013
           1 ,         168 ,   351.00000000000000      ,   5.6555454763795865E-014
           1 ,         169 ,   353.00000000000000      ,   1.1893958040687380E-013
           1 ,         170 ,   355.00000000000000      ,   5.7214649684667052E-014
           1 ,         171 ,   357.00000000000000      ,   1.1793691023775921E-013
           1 ,         172 ,   359.00000000000000      ,   5.6263587538962767E-014
           1 ,         173 ,   361.00000000000000      ,   1.1885804840350289E-013
           1 ,         174 ,   363.00000000000000      ,   5.5220151368162718E-014
           1 ,         175 ,   366.00000000000000      ,   1.1909917496666367E-013
           1 ,         176 ,   368.00000000000000      ,   5.5128644704804941E-014
           1 ,         177 ,   370.00000000000000      ,   1.1985898384914151E-013
           1 ,         178 ,   372.00000000000000      ,   5.5731461112706882E-014
           1 ,         179 ,   374.00000000000000      ,   1.1966816426678406E-013
           1 ,         180 ,   376.00000000000000      ,   5.4448633102222033E-014
           1 ,         181 ,   378.00000000000000      ,   1.2043491204316581E-013
           1 ,         182 ,   380.00000000000000      ,   5.4498072721287372E-014
           1 ,         183 ,   382.00000000000000      ,   1.2042450370230995E-013
           1 ,         184 ,   384.00000000000000      ,   5.4055284554044292E-014
           1 ,         185 ,   386.00000000000000      ,   1.2073675392798577E-013
           1 ,         186 ,   388.00000000000000      ,   5.3452034465273357E-014
           1 ,         187 ,   390.00000000000000      ,   1.2065348720113889E-013
           1 ,         188 ,   393.00000000000000      ,   5.3040905001466854E-014
           1 ,         189 ,   395.00000000000000      ,   1.2143931693575638E-013
           1 ,         190 ,   397.00000000000000      ,   5.2626739771577391E-014
           1 ,         191 ,   399.00000000000000      ,   1.2113400560398446E-013
           1 ,         192 ,   401.00000000000000      ,   5.2484926127416287E-014
           1 ,         193 ,   403.00000000000000      ,   1.2196146870202540E-013
           1 ,         194 ,   405.00000000000000      ,   5.2160532837408624E-014
           1 ,         195 ,   407.00000000000000      ,   1.2208289934534378E-013
           1 ,         196 ,   409.00000000000000      ,   5.1932850381186668E-014
           1 ,         197 ,   411.00000000000000      ,   1.2219565637128227E-013
           1 ,         198 ,   413.00000000000000      ,   5.2010045575867636E-014
           1 ,         199 ,   416.00000000000000      ,   1.2328506271419570E-013
           1 ,         200 ,   418.00000000000000      ,   5.1029493131071746E-014
           1 ,         201 ,   420.00000000000000      ,   1.2371700885971393E-013
           1 ,         202 ,   422.00000000000000      ,   5.0270551610331893E-014
           1 ,         203 ,   424.00000000000000      ,   1.2249576353262626E-013
           1 ,         204 ,   426.00000000000000      ,   5.1111458815311650E-014
           1 ,         205 ,   428.00000000000000      ,   1.2340128918708615E-013
           1 ,         206 ,   430.00000000000000      ,   5.0271418972069881E-014
           1 ,         207 ,   432.00000000000000      ,   1.2364415047372290E-013
           1 ,         208 ,   435.00000000000000      ,   5.0205933160851757E-014
           1 ,         209 ,   437.00000000000000      ,   1.2387833814297977E-013
           1 ,         210 ,   439.00000000000000      ,   4.9266146717741321E-014
           1 ,         211 ,   441.00000000000000      ,   1.2499376533803286E-013
           1 ,         212 ,   443.00000000000000      ,   4.9909295446459723E-014
           1 ,         213 ,   445.00000000000000      ,   1.2485672218343069E-013
           1 ,         214 ,   447.00000000000000      ,   4.9355484976754127E-014
           1 ,         215 ,   449.00000000000000      ,   1.2534071003322822E-013
           1 ,         216 ,   451.00000000000000      ,   4.8952161768589519E-014
           1 ,         217 ,   454.00000000000000      ,   1.2440742880315270E-013
           1 ,         218 ,   456.00000000000000      ,   4.8033625688059800E-014
           1 ,         219 ,   458.00000000000000      ,   1.2421313977384330E-013
           1 ,         220 ,   460.00000000000000      ,   4.7698390376327282E-014
           1 ,         221 ,   462.00000000000000      ,   1.2617337730169709E-013
           1 ,         222 ,   464.00000000000000      ,   4.8034059368928794E-014
           1 ,         223 ,   466.00000000000000      ,   1.2597735354891171E-013
           1 ,         224 ,   468.00000000000000      ,   4.7907424555182487E-014
           1 ,         225 ,   470.00000000000000      ,   1.2694359452503079E-013
           1 ,         226 ,   473.00000000000000      ,   4.7308944955970489E-014
           1 ,         227 ,   475.00000000000000      ,   1.2554714212686946E-013
           1 ,         228 ,   477.00000000000000      ,   4.7840637701357380E-014
           1 ,         229 ,   479.00000000000000      ,   1.2674583604876943E-013
           1 ,         230 ,   481.00000000000000      ,   4.7334965808110141E-014
           1 ,         231 ,   483.00000000000000      ,   1.2690369588508332E-013
           1 ,         232 ,   485.00000000000000      ,   4.6576024287370288E-014
           1 ,         233 ,   487.00000000000000      ,   1.2616123423736525E-013
           1 ,         234 ,   489.00000000000000      ,   4.6375663725894967E-014
           1 ,         235 ,   492.00000000000000      ,   1.2737901011750097E-013
           1 ,         236 ,   494.00000000000000      ,   4.6008769710725872E-014
           1 ,         237 ,   496.00000000000000      ,   1.2750391020777130E-013
           1 ,         238 ,   498.00000000000000      ,   4.6275049764288312E-014
           1 ,         239 ,   500.00000000000000      ,   1.2820647321554191E-013
           1 ,         240 ,   502.00000000000000      ,   4.5857848768315890E-014
           1 ,         241 ,   504.00000000000000      ,   1.2779707847521138E-013
           1 ,         242 ,   506.00000000000000      ,   4.6235151124340845E-014
           1 ,         243 ,   509.00000000000000      ,   1.2750564493124728E-013
           1 ,         244 ,   511.00000000000000      ,   4.5627130546010974E-014
           1 ,         245 ,   513.00000000000000      ,   1.2797402026976101E-013
           1 ,         246 ,   515.00000000000000      ,   4.4866887982664139E-014
           1 ,         247 ,   517.00000000000000      ,   1.2834004692319212E-013
           1 ,         248 ,   519.00000000000000      ,   4.5506133583561592E-014
           1 ,         249 ,   521.00000000000000      ,   1.2900444601449124E-013
           1 ,         250 ,   523.00000000000000      ,   4.5179571889208958E-014
           1 ,         251 ,   525.00000000000000      ,   1.2899403767363538E-013
           1 ,         252 ,   527.00000000000000      ,   4.4423232453683070E-014
           1 ,         253 ,   530.00000000000000      ,   1.2789595771334206E-013
           1 ,         254 ,   532.00000000000000      ,   4.4146110378395775E-014
           1 ,         255 ,   534.00000000000000      ,   1.2913455027518950E-013
           1 ,         256 ,   536.00000000000000      ,   4.3787456299737570E-014
           1 ,         257 ,   538.00000000000000      ,   1.2943118798958153E-013
           1 ,         258 ,   540.00000000000000      ,   4.4803570575790985E-014
           1 ,         259 ,   542.00000000000000      ,   1.2916577529775708E-013
           1 ,         260 ,   544.00000000000000      ,   4.4080190886308657E-014
           1 ,         261 ,   546.00000000000000      ,   1.2909638635871801E-013
           1 ,         262 ,   548.00000000000000      ,   4.4189912146164190E-014
           1 ,         263 ,   551.00000000000000      ,   1.2983711328296010E-013
           1 ,         264 ,   553.00000000000000      ,   4.3549365502659754E-014
           1 ,         265 ,   555.00000000000000      ,   1.2976078545001712E-013
           1 ,         266 ,   557.00000000000000      ,   4.3629596463423681E-014
           1 ,         267 ,   559.00000000000000      ,   1.2982150077167631E-013
           1 ,         268 ,   561.00000000000000      ,   4.3166425295337874E-014
           1 ,         269 ,   563.00000000000000      ,   1.2977119379087299E-013
           1 ,         270 ,   565.00000000000000      ,   4.2676365913374426E-014
           1 ,         271 ,   567.00000000000000      ,   1.3019967048943926E-013
           1 ,         272 ,   569.00000000000000      ,   4.3360280643778282E-014
           1 ,         273 ,   571.00000000000000      ,   1.3037314283703694E-013
           1 ,         274 ,   574.00000000000000      ,   4.3077954398063056E-014
           1 ,         275 ,   576.00000000000000      ,   1.3045987901083578E-013
           1 ,         276 ,   578.00000000000000      ,   4.2171995062734169E-014
           1 ,         277 ,   580.00000000000000      ,   1.3065937221057311E-013
           1 ,         278 ,   582.00000000000000      ,   4.3063209248517254E-014
           1 ,         279 ,   584.00000000000000      ,   1.3085192651640654E-013
           1 ,         280 ,   586.00000000000000      ,   4.2724504489832782E-014
           1 ,         281 ,   588.00000000000000      ,   1.3099070439448468E-013
           1 ,         282 ,   590.00000000000000      ,   4.2849404580103112E-014
           1 ,         283 ,   592.00000000000000      ,   1.3168806323182736E-013
           1 ,         284 ,   595.00000000000000      ,   4.1730507938098071E-014
           1 ,         285 ,   597.00000000000000      ,   1.3100805162924445E-013
           1 ,         286 ,   599.00000000000000      ,   4.1937807393477300E-014
           1 ,         287 ,   601.00000000000000      ,   1.3124397402197729E-013
           1 ,         288 ,   603.00000000000000      ,   4.1151977658859806E-014
           1 ,         289 ,   605.00000000000000      ,   1.3141744636957498E-013
           1 ,         290 ,   607.00000000000000      ,   4.0989781013855975E-014
           1 ,         291 ,   609.00000000000000      ,   1.3214776495296121E-013
           1 ,         292 ,   611.00000000000000      ,   4.1125956806720154E-014
           1 ,         293 ,   614.00000000000000      ,   1.3146254917995037E-013
           1 ,         294 ,   616.00000000000000      ,   4.1236111747444681E-014
           1 ,         295 ,   618.00000000000000      ,   1.3221368444504833E-013
           1 ,         296 ,   620.00000000000000      ,   4.1585658527854008E-014
           1 ,         297 ,   622.00000000000000      ,   1.3184245362118929E-013
           1 ,         298 ,   624.00000000000000      ,   4.0904779563533111E-014
           1 ,         299 ,   626.00000000000000      ,   1.3150765199032577E-013
           1 ,         300 ,   628.00000000000000      ,   4.0792022537594619E-014
           1 ,         301 ,   630.00000000000000      ,   1.3205062043830651E-013
           1 ,         302 ,   632.00000000000000      ,   4.0831921177542085E-014
           1 ,         303 ,   635.00000000000000      ,   1.3248083186034876E-013
           1 ,         304 ,   637.00000000000000      ,   4.0871819817489552E-014
           1 ,         305 ,   639.00000000000000      ,   1.3152326450160956E-013
           1 ,         306 ,   641.00000000000000      ,   4.1561372399190333E-014
           1 ,         307 ,   643.00000000000000      ,   1.3157183675893691E-013
           1 ,         308 ,   645.00000000000000      ,   4.1382695881164722E-014
           1 ,         309 ,   647.00000000000000      ,   1.3194133285931997E-013
           1 ,         310 ,   649.00000000000000      ,   4.0651509936040497E-014
           1 ,         311 ,   651.00000000000000      ,   1.3225011363804384E-013
           1 ,         312 ,   653.00000000000000      ,   3.9939405949152018E-014
           1 ,         313 ,   655.00000000000000      ,   1.3181643276904964E-013
           1 ,         314 ,   658.00000000000000      ,   3.9499653547991898E-014
           1 ,         315 ,   660.00000000000000      ,   1.3344013394256393E-013
           1 ,         316 ,   662.00000000000000      ,   4.0055632422042464E-014
           1 ,         317 ,   664.00000000000000      ,   1.3274104038174528E-013
           1 ,         318 ,   666.00000000000000      ,   3.9843996157973294E-014
           1 ,         319 ,   668.00000000000000      ,   1.3259185416281127E-013
           1 ,         320 ,   670.00000000000000      ,   3.9765933601554337E-014
           1 ,         321 ,   672.00000000000000      ,   1.3305502533089708E-013
           1 ,         322 ,   674.00000000000000      ,   3.9762464154602384E-014
           1 ,         323 ,   676.00000000000000      ,   1.3214603022948523E-013
           1 ,         324 ,   678.00000000000000      ,   3.9915987182226331E-014
           1 ,         325 ,   681.00000000000000      ,   1.3272369314698551E-013
           1 ,         326 ,   683.00000000000000      ,   3.9330518009084159E-014
           1 ,         327 ,   685.00000000000000      ,   1.3285553213115975E-013
           1 ,         328 ,   687.00000000000000      ,   3.9928130246558169E-014
           1 ,         329 ,   689.00000000000000      ,   1.3293185996410273E-013
           1 ,         330 ,   691.00000000000000      ,   3.9891701053562656E-014
           1 ,         331 ,   693.00000000000000      ,   1.3251726105334427E-013
           1 ,         332 ,   695.00000000000000      ,   3.8544688274466665E-014
           1 ,         333 ,   697.00000000000000      ,   1.3361187156668564E-013
           1 ,         334 ,   699.00000000000000      ,   3.9389498607267370E-014
           1 ,         335 ,   701.00000000000000      ,   1.3356850347978622E-013
           1 ,         336 ,   703.00000000000000      ,   3.9490112568874025E-014
           1 ,         337 ,   706.00000000000000      ,   1.3379401753166320E-013
           1 ,         338 ,   708.00000000000000      ,   3.8908980204421795E-014
           1 ,         339 ,   710.00000000000000      ,   1.3308971980041662E-013
           1 ,         340 ,   712.00000000000000      ,   3.9362610393389730E-014
           1 ,         341 ,   714.00000000000000      ,   1.3321808933763890E-013
           1 ,         342 ,   716.00000000000000      ,   3.8804896795863186E-014
           1 ,         343 ,   718.00000000000000      ,   1.3365523965358506E-013
           1 ,         344 ,   720.00000000000000      ,   3.8851734329714560E-014
           1 ,         345 ,   722.00000000000000      ,   1.3330829495838969E-013
           1 ,         346 ,   724.00000000000000      ,   3.9199546386647910E-014
           1 ,         347 ,   726.00000000000000      ,   1.3362921880144540E-013
           1 ,         348 ,   728.00000000000000      ,   3.8505656996257187E-014
           1 ,         349 ,   731.00000000000000      ,   1.3254328190548392E-013
           1 ,         350 ,   733.00000000000000      ,   3.8948011482631273E-014
           1 ,         351 ,   735.00000000000000      ,   1.3350431871117507E-013
           1 ,         352 ,   737.00000000000000      ,   3.8642700150859355E-014
           1 ,         353 ,   739.00000000000000      ,   1.3369687301700850E-013
           1 ,         354 ,   741.00000000000000      ,   3.9284547836970773E-014
           1 ,         355 ,   743.00000000000000      ,   1.3368993412310459E-013
           1 ,         356 ,   745.00000000000000      ,   3.8526473677968909E-014
           1 ,         357 ,   747.00000000000000      ,   1.3430229151012441E-013
           1 ,         358 ,   749.00000000000000      ,   3.9355671499485823E-014
           1 ,         359 ,   751.00000000000000      ,   1.3331349912881763E-013
           1 ,         360 ,   753.00000000000000      ,   3.8233305410528828E-014
           1 ,         361 ,   756.00000000000000      ,   1.3305329060742110E-013
           1 ,         362 ,   758.00000000000000      ,   3.8359072862537147E-014
           1 ,         363 ,   760.00000000000000      ,   1.3294920719886250E-013
           1 ,         364 ,   762.00000000000000      ,   3.8210754005341130E-014
           1 ,         365 ,   764.00000000000000      ,   1.3396575515578490E-013
           1 ,         366 ,   766.00000000000000      ,   3.9289752007398704E-014
           1 ,         367 ,   768.00000000000000      ,   1.3294747247538652E-013
           1 ,         368 ,   770.00000000000000      ,   3.8437135418956103E-014
           1 ,         369 ,   772.00000000000000      ,   1.3318512959159534E-013
           1 ,         370 ,   774.00000000000000      ,   3.8029475402101554E-014
           1 ,         371 ,   776.00000000000000      ,   1.3339676585566451E-013
           1 ,         372 ,   778.00000000000000      ,   3.8008658720389832E-014
           1 ,         373 ,   780.00000000000000      ,   1.3288849187720331E-013
           1 ,         374 ,   783.00000000000000      ,   3.8684333514282798E-014
           1 ,         375 ,   785.00000000000000      ,   1.3416351363204626E-013
           1 ,         376 ,   787.00000000000000      ,   3.8053761530765229E-014
           1 ,         377 ,   789.00000000000000      ,   1.3350952288160300E-013
           1 ,         378 ,   791.00000000000000      ,   3.8555096615322526E-014
           1 ,         379 ,   793.00000000000000      ,   1.3348870619989128E-013
           1 ,         380 ,   795.00000000000000      ,   3.8518667422327013E-014
           1 ,         381 ,   797.00000000000000      ,   1.3352340066941082E-013
           1 ,         382 ,   799.00000000000000      ,   3.8427594439838231E-014
           1 ,         383 ,   801.00000000000000      ,   1.3399524545487651E-013
           1 ,         384 ,   803.00000000000000      ,   3.8760661347225778E-014
           1 ,         385 ,   806.00000000000000      ,   1.3335860193919302E-013
           1 ,         386 ,   808.00000000000000      ,   3.7619213300033039E-014
           1 ,         387 ,   810.00000000000000      ,   1.3362574935449345E-013
           1 ,         388 ,   812.00000000000000      ,   3.7840390543220082E-014
           1 ,         389 ,   814.00000000000000      ,   1.3395708153840502E-013
           1 ,         390 ,   816.00000000000000      ,   3.8292286008712040E-014
           1 ,         391 ,   818.00000000000000      ,   1.3415657473814235E-013
           1 ,         392 ,   820.00000000000000      ,   3.8601934149173900E-014
           1 ,         393 ,   822.00000000000000      ,   1.3336554083309693E-013
           1 ,         394 ,   824.00000000000000      ,   3.7984372591726157E-014
           1 ,         395 ,   826.00000000000000      ,   1.3289022660067928E-013
           1 ,         396 ,   828.00000000000000      ,   3.8316572137375715E-014
           1 ,         397 ,   831.00000000000000      ,   1.3313655733426799E-013
           1 ,         398 ,   833.00000000000000      ,   3.8160447024537802E-014
           1 ,         399 ,   835.00000000000000      ,   1.3334819359833716E-013
           1 ,         400 ,   837.00000000000000      ,   3.8124017831542290E-014
           1 ,         401 ,   839.00000000000000      ,   1.3436474155525957E-013
           1 ,         402 ,   841.00000000000000      ,   3.7363341587326460E-014
           1 ,         403 ,   843.00000000000000      ,   1.3408545107562730E-013
           1 ,         404 ,   845.00000000000000      ,   3.7233237326628199E-014
           1 ,         405 ,   847.00000000000000      ,   1.3403687881829995E-013
           1 ,         406 ,   849.00000000000000      ,   3.7825645393674279E-014
           1 ,         407 ,   851.00000000000000      ,   1.3358585071454598E-013
           1 ,         408 ,   853.00000000000000      ,   3.8130089363708208E-014
           1 ,         409 ,   855.00000000000000      ,   1.3290410438848710E-013
           1 ,         410 ,   858.00000000000000      ,   3.7865544033621745E-014
           1 ,         411 ,   860.00000000000000      ,   1.3342105198432819E-013
           1 ,         412 ,   862.00000000000000      ,   3.7475231251526964E-014
           1 ,         413 ,   864.00000000000000      ,   1.3383738561856262E-013
           1 ,         414 ,   866.00000000000000      ,   3.7970494803918342E-014
           1 ,         415 ,   868.00000000000000      ,   1.3364656603620517E-013
           1 ,         416 ,   870.00000000000000      ,   3.7447475675911335E-014
           1 ,         417 ,   872.00000000000000      ,   1.3332737691662544E-013
           1 ,         418 ,   874.00000000000000      ,   3.7274003328313654E-014
           1 ,         419 ,   876.00000000000000      ,   1.3367605633529678E-013
           1 ,         420 ,   878.00000000000000      ,   3.7104000427667927E-014
           1 ,         421 ,   880.00000000000000      ,   1.3448443747510197E-013
           1 ,         422 ,   882.00000000000000      ,   3.7791818285892731E-014
           1 ,         423 ,   885.00000000000000      ,   1.3480189187120573E-013
           1 ,         424 ,   887.00000000000000      ,   3.7113541406785799E-014
           1 ,         425 ,   889.00000000000000      ,   1.3355636041545438E-013
           1 ,         426 ,   891.00000000000000      ,   3.8247183198336643E-014
           1 ,         427 ,   893.00000000000000      ,   1.3389810094022181E-013
           1 ,         428 ,   895.00000000000000      ,   3.7654775131290563E-014
           1 ,         429 ,   897.00000000000000      ,   1.3387034536460618E-013
           1 ,         430 ,   899.00000000000000      ,   3.7692939047762053E-014
           1 ,         431 ,   901.00000000000000      ,   1.3423637201803729E-013
           1 ,         432 ,   903.00000000000000      ,   3.7522068785378337E-014
           1 ,         433 ,   905.00000000000000      ,   1.3361707573711357E-013
           1 ,         434 ,   907.00000000000000      ,   3.7075377490314310E-014
           1 ,         435 ,   910.00000000000000      ,   1.3333258108705337E-013
           1 ,         436 ,   912.00000000000000      ,   3.7677326536478262E-014
           1 ,         437 ,   914.00000000000000      ,   1.3352340066941082E-013
           1 ,         438 ,   916.00000000000000      ,   3.7313034606523132E-014
           1 ,         439 ,   918.00000000000000      ,   1.3448617219857795E-013
           1 ,         440 ,   920.00000000000000      ,   3.7818706499770371E-014
           1 ,         441 ,   922.00000000000000      ,   1.3271155008265367E-013
           1 ,         442 ,   924.00000000000000      ,   3.7993046209106041E-014
           1 ,         443 ,   926.00000000000000      ,   1.3309492397084455E-013
           1 ,         444 ,   928.00000000000000      ,   3.7741511305089404E-014
           1 ,         445 ,   930.00000000000000      ,   1.3387034536460618E-013
           1 ,         446 ,   932.00000000000000      ,   3.6616543130918444E-014
           1 ,         447 ,   935.00000000000000      ,   1.3373156748652804E-013
           1 ,         448 ,   937.00000000000000      ,   3.7413648568129787E-014
           1 ,         449 ,   939.00000000000000      ,   1.3373503693347999E-013
           1 ,         450 ,   941.00000000000000      ,   3.7711153644259809E-014
           1 ,         451 ,   943.00000000000000      ,   1.3405943022348765E-013
           1 ,         452 ,   945.00000000000000      ,   3.6898435695764675E-014
           1 ,         453 ,   947.00000000000000      ,   1.3292145162324687E-013
           1 ,         454 ,   949.00000000000000      ,   3.7825645393674279E-014
           1 ,         455 ,   951.00000000000000      ,   1.3399177600792456E-013
           1 ,         456 ,   953.00000000000000      ,   3.6991243401729434E-014
           1 ,         457 ,   955.00000000000000      ,   1.3232297202403487E-013
           1 ,         458 ,   957.00000000000000      ,   3.6721493901215041E-014
           1 ,         459 ,   960.00000000000000      ,   1.3348176730598738E-013
           1 ,         460 ,   962.00000000000000      ,   3.7350331161256634E-014
           1 ,         461 ,   964.00000000000000      ,   1.3364136186577724E-013
           1 ,         462 ,   966.00000000000000      ,   3.7021601062559029E-014
           1 ,         463 ,   968.00000000000000      ,   1.3376105778561964E-013
           1 ,         464 ,   970.00000000000000      ,   3.6783076584612218E-014
           1 ,         465 ,   972.00000000000000      ,   1.3388595787588997E-013
           1 ,         466 ,   974.00000000000000      ,   3.6865475949721116E-014
           1 ,         467 ,   976.00000000000000      ,   1.3377320084995148E-013
           1 ,         468 ,   978.00000000000000      ,   3.7312167244785144E-014
           1 ,         469 ,   980.00000000000000      ,   1.3325104908368246E-013
           1 ,         470 ,   982.00000000000000      ,   3.6856802332341232E-014
           1 ,         471 ,   985.00000000000000      ,   1.3375932306214366E-013
           1 ,         472 ,   987.00000000000000      ,   3.6757923094210554E-014
           1 ,         473 ,   989.00000000000000      ,   1.3347482841208347E-013
           1 ,         474 ,   991.00000000000000      ,   3.7213288006654466E-014
           1 ,         475 ,   993.00000000000000      ,   1.3357717709716610E-013
           1 ,         476 ,   995.00000000000000      ,   3.7483037507168859E-014
