           5 ,           2 ,   8.0000000000000000      ,  0.36122638465746210     
           5 ,           3 ,   11.000000000000000      ,  0.24989788430845664     
           5 ,           4 ,   15.000000000000000      ,  0.16920710376871614     
           5 ,           5 ,   18.000000000000000      ,  0.12257294855966183     
           5 ,           6 ,   21.000000000000000      ,   9.9223578755884445E-002
           5 ,           7 ,   25.000000000000000      ,  0.10122526104348223     
           5 ,           8 ,   28.000000000000000      ,   6.3512339337179452E-002
           5 ,           9 ,   31.000000000000000      ,   5.3339653541523618E-002
           5 ,          10 ,   35.000000000000000      ,   5.5836714418241222E-002
           5 ,          11 ,   38.000000000000000      ,   2.6788070076262237E-002
           5 ,          12 ,   41.000000000000000      ,   3.7042008129981201E-002
           5 ,          13 ,   45.000000000000000      ,   1.3872167350390928E-002
           5 ,          14 ,   48.000000000000000      ,   1.8580412660296940E-002
           5 ,          15 ,   51.000000000000000      ,   3.8182277389239121E-003
           5 ,          16 ,   55.000000000000000      ,   3.0374292241314604E-002
           5 ,          17 ,   58.000000000000000      ,   6.8650100629051927E-004
           5 ,          18 ,   61.000000000000000      ,   9.6591967724456293E-004
           5 ,          19 ,   65.000000000000000      ,   1.8437196121165456E-004
           5 ,          20 ,   68.000000000000000      ,   2.7838401733509171E-004
           5 ,          21 ,   71.000000000000000      ,   5.6633471348413369E-005
           5 ,          22 ,   75.000000000000000      ,   8.5874213110464712E-005
           5 ,          23 ,   78.000000000000000      ,   1.7898466714077240E-005
           5 ,          24 ,   82.000000000000000      ,   2.6618283065252832E-005
           5 ,          25 ,   85.000000000000000      ,   5.7512457934754367E-006
           5 ,          26 ,   88.000000000000000      ,   8.2433283021001412E-006
           5 ,          27 ,   92.000000000000000      ,   1.8740818829741587E-006
           5 ,          28 ,   95.000000000000000      ,   2.5462838467316812E-006
           5 ,          29 ,   98.000000000000000      ,   6.1563503133397514E-007
           5 ,          30 ,   102.00000000000000      ,   7.9696065817232500E-007
           5 ,          31 ,   105.00000000000000      ,   2.0193590312823743E-007
           5 ,          32 ,   108.00000000000000      ,   2.5318709717322974E-007
           5 ,          33 ,   112.00000000000000      ,   6.6085956444391150E-008
           5 ,          34 ,   115.00000000000000      ,   8.1411161669247417E-008
           5 ,          35 ,   118.00000000000000      ,   2.1582555808936227E-008
           5 ,          36 ,   122.00000000000000      ,   2.6364949174371988E-008
           5 ,          37 ,   125.00000000000000      ,   7.0420594763462296E-009
           5 ,          38 ,   128.00000000000000      ,   8.5637778899499972E-009
           5 ,          39 ,   132.00000000000000      ,   2.2973087145713306E-009
           5 ,          40 ,   135.00000000000000      ,   2.7854411624450570E-009
           5 ,          41 ,   138.00000000000000      ,   7.4949398336937589E-010
           5 ,          42 ,   142.00000000000000      ,   9.0680137704302055E-010
           5 ,          43 ,   145.00000000000000      ,   2.4455695151262558E-010
           5 ,          44 ,   148.00000000000000      ,   2.9542377615390802E-010
           5 ,          45 ,   152.00000000000000      ,   7.9810888800602164E-011
           5 ,          46 ,   155.00000000000000      ,   9.6290415528207940E-011
           5 ,          47 ,   158.00000000000000      ,   2.6051256421175117E-011
           5 ,          48 ,   162.00000000000000      ,   3.1401633029948250E-011
           5 ,          49 ,   165.00000000000000      ,   8.5026950757960407E-012
           5 ,          50 ,   169.00000000000000      ,   1.0236608869590436E-011
           5 ,          51 ,   172.00000000000000      ,   2.7756690175462229E-012
           5 ,          52 ,   175.00000000000000      ,   3.3462698757757980E-012
           5 ,          53 ,   179.00000000000000      ,   9.0987373885242917E-013
           5 ,          54 ,   182.00000000000000      ,   1.0824661479669206E-012
           5 ,          55 ,   185.00000000000000      ,   2.9516319943745373E-013
           5 ,          56 ,   189.00000000000000      ,   3.5080402124854082E-013
           5 ,          57 ,   192.00000000000000      ,   9.5167363572956631E-014
           5 ,          58 ,   195.00000000000000      ,   1.1402207303334855E-013
           5 ,          59 ,   199.00000000000000      ,   3.2176952075024801E-014
           5 ,          60 ,   202.00000000000000      ,   3.1513854026332666E-014
           5 ,          61 ,   205.00000000000000      ,   8.2581511073875902E-015
           5 ,          62 ,   209.00000000000000      ,   2.5509108714238948E-015
           5 ,          63 ,   212.00000000000000      ,   4.0583855720477402E-015
           5 ,          64 ,   215.00000000000000      ,   2.1792463666958639E-015
           5 ,          65 ,   219.00000000000000      ,   4.4018608202911480E-015
           5 ,          66 ,   222.00000000000000      ,   2.1770779623508929E-015
           5 ,          67 ,   225.00000000000000      ,   4.1065241485060966E-015
           5 ,          68 ,   229.00000000000000      ,   2.2204460492503131E-015
           5 ,          69 ,   232.00000000000000      ,   4.8381437744993150E-015
           5 ,          70 ,   235.00000000000000      ,   2.4646083784940487E-015
           5 ,          71 ,   239.00000000000000      ,   4.1702752362482443E-015
           5 ,          72 ,   242.00000000000000      ,   2.3028454143592114E-015
           5 ,          73 ,   245.00000000000000      ,   4.5094136758017100E-015
           5 ,          74 ,   249.00000000000000      ,   2.7386946876983842E-015
           5 ,          75 ,   252.00000000000000      ,   4.3372423708110119E-015
           5 ,          76 ,   255.00000000000000      ,   2.1029185337528844E-015
           5 ,          77 ,   259.00000000000000      ,   4.3957892881252292E-015
           5 ,          78 ,   262.00000000000000      ,   2.6831835364671264E-015
           5 ,          79 ,   265.00000000000000      ,   4.5458428687972230E-015
           5 ,          80 ,   269.00000000000000      ,   2.5526455948998716E-015
           5 ,          81 ,   272.00000000000000      ,   4.4651782271643015E-015
           5 ,          82 ,   276.00000000000000      ,   2.3639944168873939E-015
           5 ,          83 ,   279.00000000000000      ,   4.4903317175659652E-015
           5 ,          84 ,   282.00000000000000      ,   2.2165429214293653E-015
           5 ,          85 ,   286.00000000000000      ,   4.5276282722994665E-015
           5 ,          86 ,   289.00000000000000      ,   2.2894013074203912E-015
           5 ,          87 ,   292.00000000000000      ,   4.6043897861114402E-015
           5 ,          88 ,   296.00000000000000      ,   2.4221076533326169E-015
           5 ,          89 ,   299.00000000000000      ,   3.8389430523366741E-015
           5 ,          90 ,   302.00000000000000      ,   2.4234086959395995E-015
           5 ,          91 ,   306.00000000000000      ,   4.7080395138010545E-015
           5 ,          92 ,   309.00000000000000      ,   2.6719078338732771E-015
           5 ,          93 ,   312.00000000000000      ,   4.7271214720367993E-015
           5 ,          94 ,   316.00000000000000      ,   2.3136874360840665E-015
           5 ,          95 ,   319.00000000000000      ,   4.7462034302725442E-015
           5 ,          96 ,   322.00000000000000      ,   2.5101448697384399E-015
           5 ,          97 ,   326.00000000000000      ,   4.3927535220422698E-015
           5 ,          98 ,   329.00000000000000      ,   2.2482016248659420E-015
           5 ,          99 ,   332.00000000000000      ,   4.4634435036883247E-015
           5 ,         100 ,   336.00000000000000      ,   2.4828229749918052E-015
           5 ,         101 ,   339.00000000000000      ,   4.4859949088760231E-015
           5 ,         102 ,   342.00000000000000      ,   2.0296264668928643E-015
           5 ,         103 ,   346.00000000000000      ,   3.8814437774981059E-015
           5 ,         104 ,   349.00000000000000      ,   2.2872329030754202E-015
           5 ,         105 ,   352.00000000000000      ,   4.4690813549852493E-015
           5 ,         106 ,   356.00000000000000      ,   2.3648617786253823E-015
           5 ,         107 ,   359.00000000000000      ,   4.5467102305352114E-015
           5 ,         108 ,   362.00000000000000      ,   2.4693788680529849E-015
           5 ,         109 ,   366.00000000000000      ,   4.3589264142607220E-015
           5 ,         110 ,   369.00000000000000      ,   2.6515248330305496E-015
           5 ,         111 ,   372.00000000000000      ,   4.7097742372770313E-015
           5 ,         112 ,   376.00000000000000      ,   2.1263373006785713E-015
           5 ,         113 ,   379.00000000000000      ,   4.1863214284010297E-015
           5 ,         114 ,   382.00000000000000      ,   2.3423103734376838E-015
           5 ,         115 ,   386.00000000000000      ,   4.0510129972748388E-015
           5 ,         116 ,   389.00000000000000      ,   2.2184944853398392E-015
           5 ,         117 ,   393.00000000000000      ,   3.9985376121265404E-015
           5 ,         118 ,   396.00000000000000      ,   2.5856053409434310E-015
           5 ,         119 ,   399.00000000000000      ,   4.3320382003830815E-015
           5 ,         120 ,   402.00000000000000      ,   2.6996634094889060E-015
           5 ,         121 ,   406.00000000000000      ,   4.4170396507059451E-015
           5 ,         122 ,   409.00000000000000      ,   2.3078327443526447E-015
           5 ,         123 ,   413.00000000000000      ,   4.4513004393564870E-015
           5 ,         124 ,   416.00000000000000      ,   2.3754869599157402E-015
           5 ,         125 ,   419.00000000000000      ,   4.3350739664660409E-015
           5 ,         126 ,   423.00000000000000      ,   2.3327693943198113E-015
           5 ,         127 ,   426.00000000000000      ,   4.0809369772354387E-015
           5 ,         128 ,   429.00000000000000      ,   2.2204460492503131E-015
           5 ,         129 ,   433.00000000000000      ,   4.5835731043997185E-015
           5 ,         130 ,   436.00000000000000      ,   2.3431777351756722E-015
           5 ,         131 ,   439.00000000000000      ,   4.1156314467549748E-015
           5 ,         132 ,   443.00000000000000      ,   2.3292999473678577E-015
