           3 ,           2 ,   9.0000000000000000      ,  0.36122638465746260     
           3 ,           3 ,   12.000000000000000      ,  0.24989788430850801     
           3 ,           4 ,   15.000000000000000      ,  0.16920710376852477     
           3 ,           5 ,   19.000000000000000      ,  0.12257294855975071     
           3 ,           6 ,   22.000000000000000      ,   9.9223578756008957E-002
           3 ,           7 ,   25.000000000000000      ,  0.10122526104360571     
           3 ,           8 ,   29.000000000000000      ,   6.3512339337309376E-002
           3 ,           9 ,   32.000000000000000      ,   5.3339653541184098E-002
           3 ,          10 ,   36.000000000000000      ,   5.5836714418313789E-002
           3 ,          11 ,   39.000000000000000      ,   2.6788070076122120E-002
           3 ,          12 ,   42.000000000000000      ,   3.7042008130053788E-002
           3 ,          13 ,   46.000000000000000      ,   1.3872167350368340E-002
           3 ,          14 ,   49.000000000000000      ,   1.8580412660662727E-002
           3 ,          15 ,   52.000000000000000      ,   3.8182277388873233E-003
           3 ,          16 ,   56.000000000000000      ,   3.0374292241206042E-002
           3 ,          17 ,   59.000000000000000      ,   6.8650100624607566E-004
           3 ,          18 ,   62.000000000000000      ,   9.6591967718030356E-004
           3 ,          19 ,   66.000000000000000      ,   1.8437196119366461E-004
           3 ,          20 ,   69.000000000000000      ,   2.7838401729922521E-004
           3 ,          21 ,   72.000000000000000      ,   5.6633471334722497E-005
           3 ,          22 ,   76.000000000000000      ,   8.5874213098933354E-005
           3 ,          23 ,   79.000000000000000      ,   1.7898466709920843E-005
           3 ,          24 ,   83.000000000000000      ,   2.6618283057801761E-005
           3 ,          25 ,   86.000000000000000      ,   5.7512457908230445E-006
           3 ,          26 ,   89.000000000000000      ,   8.2433282988553409E-006
           3 ,          27 ,   93.000000000000000      ,   1.8740818811654927E-006
           3 ,          28 ,   96.000000000000000      ,   2.5462838447384839E-006
           3 ,          29 ,   99.000000000000000      ,   6.1563503034344803E-007
           3 ,          30 ,   103.00000000000000      ,   7.9696066426987802E-007
           3 ,          31 ,   106.00000000000000      ,   2.0193590421851114E-007
           3 ,          32 ,   109.00000000000000      ,   2.5318709880517085E-007
           3 ,          33 ,   113.00000000000000      ,   6.6085958276259141E-008
           3 ,          34 ,   116.00000000000000      ,   8.1411163284708654E-008
           3 ,          35 ,   119.00000000000000      ,   2.1582555446812701E-008
           3 ,          36 ,   123.00000000000000      ,   2.6364950200027243E-008
           3 ,          37 ,   126.00000000000000      ,   7.0420596905845789E-009
           3 ,          38 ,   129.00000000000000      ,   8.5637770100115140E-009
           3 ,          39 ,   133.00000000000000      ,   2.2973078773504130E-009
           3 ,          40 ,   136.00000000000000      ,   2.7854404496905488E-009
           3 ,          41 ,   139.00000000000000      ,   7.4949603533040754E-010
           3 ,          42 ,   143.00000000000000      ,   9.0680452773453379E-010
           3 ,          43 ,   146.00000000000000      ,   2.4455671385550937E-010
           3 ,          44 ,   149.00000000000000      ,   2.9542017096484408E-010
           3 ,          45 ,   153.00000000000000      ,   7.9811605675078612E-011
           3 ,          46 ,   156.00000000000000      ,   9.6297285683694112E-011
           3 ,          47 ,   159.00000000000000      ,   2.6051179876501740E-011
           3 ,          48 ,   163.00000000000000      ,   3.1403288823506070E-011
           3 ,          49 ,   166.00000000000000      ,   8.5053114724786827E-012
           3 ,          50 ,   169.00000000000000      ,   1.0244950287424670E-011
           3 ,          51 ,   173.00000000000000      ,   2.7769208373745746E-012
           3 ,          52 ,   176.00000000000000      ,   3.3428815271463463E-012
           3 ,          53 ,   179.00000000000000      ,   9.0717754488989222E-013
           3 ,          54 ,   183.00000000000000      ,   1.0916181153453053E-012
           3 ,          55 ,   186.00000000000000      ,   2.9602275491980024E-013
           3 ,          56 ,   189.00000000000000      ,   7.4766581814600386E-016
           3 ,          57 ,   193.00000000000000      ,   1.5912575077048352E-013
           3 ,          58 ,   196.00000000000000      ,   9.3848540050345264E-016
           3 ,          59 ,   199.00000000000000      ,   1.1474848848891384E-013
           3 ,          60 ,   203.00000000000000      ,   5.7072402359636953E-016
           3 ,          61 ,   206.00000000000000      ,   8.2824372360512655E-014
           3 ,          62 ,   209.00000000000000      ,   4.3281350725621337E-016
           3 ,          63 ,   213.00000000000000      ,   5.8575540251570857E-014
           3 ,          64 ,   216.00000000000000      ,   1.5924761509467089E-015
           3 ,          65 ,   219.00000000000000      ,   4.2365416730305583E-014
           3 ,          66 ,   223.00000000000000      ,   5.7245874707234634E-016
           3 ,          67 ,   226.00000000000000      ,   3.0095717584721626E-014
           3 ,          68 ,   229.00000000000000      ,   7.1730815731640973E-016
           3 ,          69 ,   233.00000000000000      ,   2.1955961354569453E-014
           3 ,          70 ,   236.00000000000000      ,   7.2337968948232856E-016
           3 ,          71 ,   239.00000000000000      ,   1.5944710829440822E-014
           3 ,          72 ,   243.00000000000000      ,   8.1792211892306455E-016
           3 ,          73 ,   246.00000000000000      ,   1.1004218369858876E-014
           3 ,          74 ,   249.00000000000000      ,   6.0541849311590568E-016
           3 ,          75 ,   253.00000000000000      ,   7.7949799393017827E-015
           3 ,          76 ,   256.00000000000000      ,   4.8919202022545960E-016
           3 ,          77 ,   259.00000000000000      ,   5.1746801288388156E-015
           3 ,          78 ,   263.00000000000000      ,   7.3552275381416621E-016
           3 ,          79 ,   266.00000000000000      ,   3.7214155368392454E-015
           3 ,          80 ,   269.00000000000000      ,   4.9092674370143641E-016
           3 ,          81 ,   273.00000000000000      ,   2.2959065204553042E-015
           3 ,          82 ,   276.00000000000000      ,   1.1241008124329710E-015
           3 ,          83 ,   279.00000000000000      ,   2.0938112355040062E-015
           3 ,          84 ,   283.00000000000000      ,   6.7047062346503594E-016
           3 ,          85 ,   286.00000000000000      ,   1.6714060691036536E-015
           3 ,          86 ,   289.00000000000000      ,   1.8995222061946038E-015
           3 ,          87 ,   293.00000000000000      ,   1.1553258350005535E-015
           3 ,          88 ,   296.00000000000000      ,   5.4123372450476381E-016
           3 ,          89 ,   299.00000000000000      ,   7.4246164771807344E-016
           3 ,          90 ,   303.00000000000000      ,   5.9501015226004483E-016
           3 ,          91 ,   306.00000000000000      ,   8.2919782151691379E-016
           3 ,          92 ,   310.00000000000000      ,   8.5261658844260069E-016
