           1 ,           2 ,   8.0000000000000000      ,  0.36122638465744245     
           1 ,           3 ,   12.000000000000000      ,  0.24989788430841955     
           1 ,           4 ,   15.000000000000000      ,  0.16920710376848735     
           1 ,           5 ,   18.000000000000000      ,  0.12257294855967951     
           1 ,           6 ,   22.000000000000000      ,   9.9223578755984088E-002
           1 ,           7 ,   25.000000000000000      ,  0.10122526104382912     
           1 ,           8 ,   29.000000000000000      ,   6.3512339336933260E-002
           1 ,           9 ,   32.000000000000000      ,   5.3339653540748849E-002
           1 ,          10 ,   35.000000000000000      ,   5.5836714418217900E-002
           1 ,          11 ,   39.000000000000000      ,   2.6788070076145164E-002
           1 ,          12 ,   42.000000000000000      ,   3.7042008130158094E-002
           1 ,          13 ,   45.000000000000000      ,   1.3872167350406094E-002
           1 ,          14 ,   49.000000000000000      ,   1.8580412660689168E-002
           1 ,          15 ,   52.000000000000000      ,   3.8182277388997508E-003
           1 ,          16 ,   55.000000000000000      ,   3.0374292241436660E-002
           1 ,          17 ,   59.000000000000000      ,   6.8650100617199256E-004
           1 ,          18 ,   62.000000000000000      ,   9.6591967711078279E-004
           1 ,          19 ,   66.000000000000000      ,   1.8437196119702737E-004
           1 ,          20 ,   69.000000000000000      ,   2.7838401762994179E-004
           1 ,          21 ,   72.000000000000000      ,   5.6633471395820759E-005
           1 ,          22 ,   76.000000000000000      ,   8.5874213193220779E-005
           1 ,          23 ,   79.000000000000000      ,   1.7898466729746564E-005
           1 ,          24 ,   82.000000000000000      ,   2.6618283088109982E-005
           1 ,          25 ,   86.000000000000000      ,   5.7512457980160754E-006
           1 ,          26 ,   89.000000000000000      ,   8.2433283094800885E-006
           1 ,          27 ,   92.000000000000000      ,   1.8740818842116671E-006
           1 ,          28 ,   96.000000000000000      ,   2.5462838487153375E-006
           1 ,          29 ,   99.000000000000000      ,   6.1563503107875395E-007
           1 ,          30 ,   102.00000000000000      ,   7.9696066532589094E-007
           1 ,          31 ,   106.00000000000000      ,   2.0193590423087104E-007
           1 ,          32 ,   109.00000000000000      ,   2.5318709870802633E-007
           1 ,          33 ,   112.00000000000000      ,   6.6085957687320521E-008
           1 ,          34 ,   116.00000000000000      ,   8.1411163075240794E-008
           1 ,          35 ,   119.00000000000000      ,   2.1582555633295475E-008
           1 ,          36 ,   123.00000000000000      ,   2.6364950341407206E-008
           1 ,          37 ,   126.00000000000000      ,   7.0420595220995613E-009
           1 ,          38 ,   129.00000000000000      ,   8.5637765637538998E-009
           1 ,          39 ,   133.00000000000000      ,   2.2973070878343910E-009
           1 ,          40 ,   136.00000000000000      ,   2.7854396018444499E-009
           1 ,          41 ,   139.00000000000000      ,   7.4949605918285533E-010
           1 ,          42 ,   143.00000000000000      ,   9.0680463095058061E-010
           1 ,          43 ,   146.00000000000000      ,   2.4455617760911486E-010
           1 ,          44 ,   149.00000000000000      ,   2.9541983269376626E-010
           1 ,          45 ,   153.00000000000000      ,   7.9811746187680166E-011
           1 ,          46 ,   156.00000000000000      ,   9.6297144086890385E-011
           1 ,          47 ,   159.00000000000000      ,   2.6051164263990456E-011
           1 ,          48 ,   163.00000000000000      ,   3.1402947950343041E-011
           1 ,          49 ,   166.00000000000000      ,   8.5050703459155219E-012
           1 ,          50 ,   169.00000000000000      ,   1.0245073452791464E-011
           1 ,          51 ,   173.00000000000000      ,   2.7767475818674114E-012
           1 ,          52 ,   176.00000000000000      ,   3.3424417747451862E-012
           1 ,          53 ,   179.00000000000000      ,   9.0684577902511165E-013
           1 ,          54 ,   183.00000000000000      ,   9.7795035958192500E-015
           1 ,          55 ,   186.00000000000000      ,   7.6030761547718484E-014
           1 ,          56 ,   189.00000000000000      ,   9.9048373669585743E-015
           1 ,          57 ,   193.00000000000000      ,   7.6078900124176840E-014
           1 ,          58 ,   196.00000000000000      ,   9.7690952549633892E-015
           1 ,          59 ,   199.00000000000000      ,   7.5895886797461287E-014
           1 ,          60 ,   203.00000000000000      ,   9.9633842842727915E-015
           1 ,          61 ,   206.00000000000000      ,   7.5808716942793453E-014
           1 ,          62 ,   209.00000000000000      ,   9.7734320636533312E-015
           1 ,          63 ,   213.00000000000000      ,   7.5612693190008073E-014
           1 ,          64 ,   216.00000000000000      ,   9.6559045481559025E-015
           1 ,          65 ,   219.00000000000000      ,   7.5254472792218863E-014
           1 ,          66 ,   223.00000000000000      ,   9.3115619381745063E-015
           1 ,          67 ,   226.00000000000000      ,   7.5754073153300183E-014
           1 ,          68 ,   230.00000000000000      ,   9.5782756726059404E-015
           1 ,          69 ,   233.00000000000000      ,   7.5169037661027005E-014
           1 ,          70 ,   236.00000000000000      ,   9.6979715924483401E-015
           1 ,          71 ,   240.00000000000000      ,   7.5228018259210216E-014
           1 ,          72 ,   243.00000000000000      ,   9.9646853268797742E-015
           1 ,          73 ,   246.00000000000000      ,   7.4913599629189420E-014
           1 ,          74 ,   250.00000000000000      ,   9.5852145665098476E-015
           1 ,          75 ,   253.00000000000000      ,   7.5090107742870060E-014
           1 ,          76 ,   256.00000000000000      ,   9.6342205047061924E-015
           1 ,          77 ,   260.00000000000000      ,   7.4717142195535047E-014
           1 ,          78 ,   263.00000000000000      ,   9.6589403142388619E-015
           1 ,          79 ,   266.00000000000000      ,   7.4694157109478354E-014
           1 ,          80 ,   270.00000000000000      ,   9.3701088554887235E-015
           1 ,          81 ,   273.00000000000000      ,   7.4561884444435123E-014
           1 ,          82 ,   276.00000000000000      ,   9.4689880936194015E-015
           1 ,          83 ,   280.00000000000000      ,   7.4037130592952138E-014
           1 ,          84 ,   283.00000000000000      ,   9.3917928989384336E-015
           1 ,          85 ,   286.00000000000000      ,   7.4029324337310243E-014
           1 ,          86 ,   290.00000000000000      ,   9.6819254002955546E-015
           1 ,          87 ,   293.00000000000000      ,   7.3836770031476817E-014
           1 ,          88 ,   296.00000000000000      ,   9.6580729525008735E-015
           1 ,          89 ,   300.00000000000000      ,   7.4092641744183396E-014
           1 ,          90 ,   303.00000000000000      ,   9.2543160634672716E-015
           1 ,          91 ,   306.00000000000000      ,   7.4157693874532526E-014
           1 ,          92 ,   310.00000000000000      ,   9.3293428538032686E-015
           1 ,          93 ,   313.00000000000000      ,   7.3940853440035426E-014
           1 ,          94 ,   316.00000000000000      ,   9.3536289824669439E-015
           1 ,          95 ,   320.00000000000000      ,   7.4624334489570288E-014
           1 ,          96 ,   323.00000000000000      ,   9.3657720467987815E-015
           1 ,          97 ,   326.00000000000000      ,   7.3937383993083472E-014
           1 ,          98 ,   330.00000000000000      ,   9.2894442138558020E-015
           1 ,          99 ,   333.00000000000000      ,   7.3781258880245559E-014
           1 ,         100 ,   336.00000000000000      ,   9.1506663357776574E-015
           1 ,         101 ,   340.00000000000000      ,   7.3500233677137317E-014
           1 ,         102 ,   343.00000000000000      ,   9.0379093098391650E-015
           1 ,         103 ,   346.00000000000000      ,   7.3513244103207143E-014
           1 ,         104 ,   350.00000000000000      ,   9.1853608052971936E-015
           1 ,         105 ,   353.00000000000000      ,   7.3228749453146946E-014
           1 ,         106 ,   356.00000000000000      ,   9.2599539147641963E-015
           1 ,         107 ,   360.00000000000000      ,   7.3168901493225746E-014
           1 ,         108 ,   363.00000000000000      ,   8.9494384125643478E-015
           1 ,         109 ,   367.00000000000000      ,   7.3451661419809966E-014
           1 ,         110 ,   370.00000000000000      ,   9.0327051394112345E-015
           1 ,         111 ,   373.00000000000000      ,   7.3355384266893253E-014
           1 ,         112 ,   377.00000000000000      ,   8.5929527382511139E-015
           1 ,         113 ,   380.00000000000000      ,   7.3489825336281456E-014
           1 ,         114 ,   383.00000000000000      ,   8.7534146597789686E-015
           1 ,         115 ,   387.00000000000000      ,   7.3306812009565903E-014
           1 ,         116 ,   390.00000000000000      ,   8.6918319763817919E-015
           1 ,         117 ,   393.00000000000000      ,   7.2989357613462147E-014
           1 ,         118 ,   397.00000000000000      ,   8.6900972529058151E-015
           1 ,         119 ,   400.00000000000000      ,   7.3163697322797816E-014
           1 ,         120 ,   403.00000000000000      ,   8.4880019679545171E-015
           1 ,         121 ,   407.00000000000000      ,   7.3309414094779868E-014
           1 ,         122 ,   410.00000000000000      ,   8.7881091292985047E-015
           1 ,         123 ,   413.00000000000000      ,   7.3171503578439712E-014
           1 ,         124 ,   417.00000000000000      ,   8.3743775802780362E-015
           1 ,         125 ,   420.00000000000000      ,   7.3100379915924663E-014
           1 ,         126 ,   423.00000000000000      ,   8.4611137540768766E-015
           1 ,         127 ,   427.00000000000000      ,   7.3307679371303891E-014
           1 ,         128 ,   430.00000000000000      ,   8.5617277156835314E-015
           1 ,         129 ,   433.00000000000000      ,   7.2978081910868298E-014
           1 ,         130 ,   437.00000000000000      ,   8.3171317055708016E-015
           1 ,         131 ,   440.00000000000000      ,   7.2703128239925974E-014
           1 ,         132 ,   443.00000000000000      ,   8.8783147500492987E-015
           1 ,         133 ,   447.00000000000000      ,   7.3006704848221915E-014
           1 ,         134 ,   450.00000000000000      ,   8.5660645243734734E-015
           1 ,         135 ,   453.00000000000000      ,   7.3068287531619092E-014
           1 ,         136 ,   457.00000000000000      ,   8.0369738642005473E-015
           1 ,         137 ,   460.00000000000000      ,   7.2627667768720983E-014
           1 ,         138 ,   463.00000000000000      ,   8.4012657941556768E-015
           1 ,         139 ,   467.00000000000000      ,   7.2460266953289221E-014
           1 ,         140 ,   470.00000000000000      ,   8.3127948968808596E-015
           1 ,         141 ,   473.00000000000000      ,   7.2470675294145082E-014
           1 ,         142 ,   477.00000000000000      ,   8.3075907264529292E-015
           1 ,         143 ,   480.00000000000000      ,   7.2697056707760055E-014
           1 ,         144 ,   484.00000000000000      ,   8.7863744058225279E-015
           1 ,         145 ,   487.00000000000000      ,   7.2726547006851661E-014
           1 ,         146 ,   490.00000000000000      ,   8.1896295300865063E-015
           1 ,         147 ,   494.00000000000000      ,   7.2822824159768373E-014
           1 ,         148 ,   497.00000000000000      ,   8.4906040531684823E-015
           1 ,         149 ,   500.00000000000000      ,   7.2020514552129100E-014
           1 ,         150 ,   504.00000000000000      ,   7.9779932660173358E-015
           1 ,         151 ,   507.00000000000000      ,   7.2015310381701170E-014
           1 ,         152 ,   510.00000000000000      ,   7.9242168382620548E-015
           1 ,         153 ,   514.00000000000000      ,   7.1943319357448132E-014
           1 ,         154 ,   517.00000000000000      ,   7.7464076819744321E-015
           1 ,         155 ,   520.00000000000000      ,   7.1729081008164997E-014
           1 ,         156 ,   524.00000000000000      ,   8.2104462117982280E-015
           1 ,         157 ,   527.00000000000000      ,   7.2154088259779314E-014
           1 ,         158 ,   530.00000000000000      ,   8.0326370555106053E-015
           1 ,         159 ,   534.00000000000000      ,   7.1890410291430840E-014
           1 ,         160 ,   537.00000000000000      ,   7.8504910905330405E-015
           1 ,         161 ,   540.00000000000000      ,   7.1827092884557686E-014
           1 ,         162 ,   544.00000000000000      ,   7.9597786695195794E-015
           1 ,         163 ,   547.00000000000000      ,   7.2416031504651812E-014
           1 ,         164 ,   550.00000000000000      ,   7.9511050521396953E-015
           1 ,         165 ,   554.00000000000000      ,   7.1622395514392423E-014
           1 ,         166 ,   557.00000000000000      ,   7.9380946260698693E-015
           1 ,         167 ,   560.00000000000000      ,   7.1617191343964492E-014
           1 ,         168 ,   564.00000000000000      ,   7.8097250888475855E-015
           1 ,         169 ,   567.00000000000000      ,   7.1689182368217530E-014
           1 ,         170 ,   570.00000000000000      ,   7.6249770386560556E-015
           1 ,         171 ,   574.00000000000000      ,   7.1373462695589751E-014
           1 ,         172 ,   577.00000000000000      ,   7.8704404105067738E-015
           1 ,         173 ,   580.00000000000000      ,   7.1052538852534042E-014
           1 ,         174 ,   584.00000000000000      ,   7.6735492959834062E-015
           1 ,         175 ,   587.00000000000000      ,   7.0639674665251562E-014
           1 ,         176 ,   590.00000000000000      ,   7.5772721430666934E-015
           1 ,         177 ,   594.00000000000000      ,   7.0674369134771098E-014
           1 ,         178 ,   597.00000000000000      ,   7.6258444003940440E-015
           1 ,         179 ,   600.00000000000000      ,   7.1866124162767164E-014
           1 ,         180 ,   604.00000000000000      ,   7.3482886442377549E-015
           1 ,         181 ,   607.00000000000000      ,   7.0748094882500112E-014
           1 ,         182 ,   611.00000000000000      ,   7.7420708732844901E-015
           1 ,         183 ,   614.00000000000000      ,   7.1474076657196406E-014
           1 ,         184 ,   617.00000000000000      ,   7.7533465758783393E-015
           1 ,         185 ,   621.00000000000000      ,   7.0532121809741000E-014
           1 ,         186 ,   624.00000000000000      ,   7.4957401396957835E-015
           1 ,         187 ,   627.00000000000000      ,   7.0709930966028622E-014
           1 ,         188 ,   631.00000000000000      ,   7.3248698773120680E-015
           1 ,         189 ,   634.00000000000000      ,   7.0346506397811481E-014
           1 ,         190 ,   637.00000000000000      ,   7.7602854697822465E-015
           1 ,         191 ,   641.00000000000000      ,   7.0626664239181736E-014
           1 ,         192 ,   644.00000000000000      ,   7.0438446742038252E-015
           1 ,         193 ,   647.00000000000000      ,   7.1356115460829983E-014
           1 ,         194 ,   651.00000000000000      ,   7.4870665223158994E-015
           1 ,         195 ,   654.00000000000000      ,   7.0411558528160612E-014
           1 ,         196 ,   657.00000000000000      ,   7.2216538304914479E-015
           1 ,         197 ,   661.00000000000000      ,   7.0585030875758292E-014
           1 ,         198 ,   664.00000000000000      ,   7.1409891888585264E-015
           1 ,         199 ,   667.00000000000000      ,   7.0146145836336160E-014
           1 ,         200 ,   671.00000000000000      ,   7.3717074111634417E-015
           1 ,         201 ,   674.00000000000000      ,   7.0120992345934496E-014
           1 ,         202 ,   677.00000000000000      ,   7.4098713276349315E-015
           1 ,         203 ,   681.00000000000000      ,   6.9977010297428421E-014
           1 ,         204 ,   684.00000000000000      ,   7.0984884636970946E-015
           1 ,         205 ,   688.00000000000000      ,   6.9960530424406642E-014
           1 ,         206 ,   691.00000000000000      ,   7.4072692424209663E-015
           1 ,         207 ,   694.00000000000000      ,   6.9532921087578359E-014
           1 ,         208 ,   698.00000000000000      ,   7.3569622616176389E-015
           1 ,         209 ,   701.00000000000000      ,   6.9413225167735959E-014
           1 ,         210 ,   704.00000000000000      ,   7.2190517452774827E-015
           1 ,         211 ,   708.00000000000000      ,   6.9675168412608457E-014
           1 ,         212 ,   711.00000000000000      ,   7.1418565505965148E-015
           1 ,         213 ,   714.00000000000000      ,   6.9382867506906365E-014
           1 ,         214 ,   718.00000000000000      ,   6.7775646206413853E-015
           1 ,         215 ,   721.00000000000000      ,   6.9192915286286905E-014
           1 ,         216 ,   724.00000000000000      ,   6.9094036048156227E-015
           1 ,         217 ,   728.00000000000000      ,   6.9245824352304197E-014
           1 ,         218 ,   731.00000000000000      ,   6.9484348830251008E-015
           1 ,         219 ,   734.00000000000000      ,   6.9161690263719322E-014
           1 ,         220 ,   738.00000000000000      ,   6.8946584552698198E-015
           1 ,         221 ,   741.00000000000000      ,   6.8526781471511811E-014
           1 ,         222 ,   744.00000000000000      ,   6.9440980743351588E-015
           1 ,         223 ,   748.00000000000000      ,   6.8484280746350379E-014
           1 ,         224 ,   751.00000000000000      ,   6.8773112205100517E-015
           1 ,         225 ,   754.00000000000000      ,   6.8349839676962176E-014
           1 ,         226 ,   758.00000000000000      ,   6.8747091352960865E-015
           1 ,         227 ,   761.00000000000000      ,   6.8254429885783452E-014
           1 ,         228 ,   764.00000000000000      ,   6.6179700608515191E-015
           1 ,         229 ,   768.00000000000000      ,   6.7799064973339540E-014
           1 ,         230 ,   771.00000000000000      ,   6.6387867425632408E-015
           1 ,         231 ,   774.00000000000000      ,   6.8003762343504803E-014
           1 ,         232 ,   778.00000000000000      ,   6.7055735963883478E-015
           1 ,         233 ,   781.00000000000000      ,   6.7680236415235129E-014
           1 ,         234 ,   785.00000000000000      ,   6.5988881026157742E-015
           1 ,         235 ,   788.00000000000000      ,   6.7695848926518920E-014
           1 ,         236 ,   791.00000000000000      ,   7.1878267227099002E-015
           1 ,         237 ,   795.00000000000000      ,   6.7907485190588091E-014
           1 ,         238 ,   798.00000000000000      ,   6.5138866522929106E-015
           1 ,         239 ,   801.00000000000000      ,   6.7626459987479848E-014
           1 ,         240 ,   805.00000000000000      ,   6.5546526539783656E-015
           1 ,         241 ,   808.00000000000000      ,   6.7396609126912921E-014
           1 ,         242 ,   811.00000000000000      ,   6.7740951736894317E-015
           1 ,         243 ,   815.00000000000000      ,   6.7555336324964799E-014
           1 ,         244 ,   818.00000000000000      ,   6.4132726906862558E-015
           1 ,         245 ,   821.00000000000000      ,   6.7776513568151842E-014
           1 ,         246 ,   825.00000000000000      ,   6.6448582747291596E-015
           1 ,         247 ,   828.00000000000000      ,   6.7280382654022475E-014
           1 ,         248 ,   831.00000000000000      ,   6.4375588193499311E-015
           1 ,         249 ,   835.00000000000000      ,   6.7423497340790561E-014
           1 ,         250 ,   838.00000000000000      ,   6.4653143949655600E-015
           1 ,         251 ,   841.00000000000000      ,   6.7380996615629130E-014
           1 ,         252 ,   845.00000000000000      ,   6.4115379672102790E-015
           1 ,         253 ,   848.00000000000000      ,   6.6905682383211484E-014
           1 ,         254 ,   851.00000000000000      ,   6.1756155744774333E-015
           1 ,         255 ,   855.00000000000000      ,   6.6748256227766589E-014
           1 ,         256 ,   858.00000000000000      ,   6.4297525637080355E-015
           1 ,         257 ,   861.00000000000000      ,   6.6791624314666009E-014
           1 ,         258 ,   865.00000000000000      ,   6.5641936330962380E-015
           1 ,         259 ,   868.00000000000000      ,   6.6696214523487285E-014
           1 ,         260 ,   871.00000000000000      ,   6.9215466691474603E-015
           1 ,         261 ,   875.00000000000000      ,   6.6531849474138482E-014
           1 ,         262 ,   878.00000000000000      ,   6.3612309864069516E-015
           1 ,         263 ,   881.00000000000000      ,   6.6843666018945314E-014
           1 ,         264 ,   885.00000000000000      ,   6.6092964434716350E-015
           1 ,         265 ,   888.00000000000000      ,   6.6790323272059027E-014
           1 ,         266 ,   891.00000000000000      ,   6.1617377866696188E-015
           1 ,         267 ,   895.00000000000000      ,   6.6462894215968404E-014
           1 ,         268 ,   898.00000000000000      ,   6.2753621743460997E-015
           1 ,         269 ,   901.00000000000000      ,   6.6252992675375211E-014
           1 ,         270 ,   905.00000000000000      ,   6.1886260005472593E-015
           1 ,         271 ,   908.00000000000000      ,   6.6388301106501402E-014
           1 ,         272 ,   911.00000000000000      ,   6.3577615394549980E-015
           1 ,         273 ,   915.00000000000000      ,   6.6379193808252523E-014
           1 ,         274 ,   918.00000000000000      ,   6.2484739604684592E-015
           1 ,         275 ,   922.00000000000000      ,   6.6566977624527013E-014
           1 ,         276 ,   925.00000000000000      ,   6.3239344316734503E-015
           1 ,         277 ,   928.00000000000000      ,   6.5617650202298705E-014
           1 ,         278 ,   932.00000000000000      ,   6.1469926371238159E-015
           1 ,         279 ,   935.00000000000000      ,   6.6123755776414939E-014
           1 ,         280 ,   938.00000000000000      ,   6.0802057832987089E-015
           1 ,         281 ,   942.00000000000000      ,   6.6187506864157086E-014
           1 ,         282 ,   945.00000000000000      ,   6.1799523831673753E-015
           1 ,         283 ,   948.00000000000000      ,   6.6456389002933491E-014
           1 ,         284 ,   952.00000000000000      ,   5.9570404165043556E-015
           1 ,         285 ,   955.00000000000000      ,   6.5959824407935130E-014
           1 ,         286 ,   958.00000000000000      ,   5.9258153939367730E-015
           1 ,         287 ,   962.00000000000000      ,   6.5859644127197470E-014
           1 ,         288 ,   965.00000000000000      ,   6.1530641692897348E-015
           1 ,         289 ,   968.00000000000000      ,   6.6156281841589504E-014
           1 ,         290 ,   972.00000000000000      ,   6.1062266354383610E-015
           1 ,         291 ,   975.00000000000000      ,   6.5700916929145592E-014
           1 ,         292 ,   978.00000000000000      ,   6.2398003430885751E-015
           1 ,         293 ,   982.00000000000000      ,   6.5556067518901529E-014
           1 ,         294 ,   985.00000000000000      ,   6.1600030631936420E-015
           1 ,         295 ,   989.00000000000000      ,   6.5981074770515846E-014
           1 ,         296 ,   992.00000000000000      ,   6.5399075044325627E-015
           1 ,         297 ,   995.00000000000000      ,   6.5518337283299033E-014
           1 ,         298 ,   999.00000000000000      ,   6.0524502076830800E-015
           1 ,         299 ,   1002.0000000000000      ,   6.5608542904049827E-014
           1 ,         300 ,   1005.0000000000000      ,   6.0455113137791727E-015
           1 ,         301 ,   1009.0000000000000      ,   6.5834490636795806E-014
           1 ,         302 ,   1012.0000000000000      ,   5.8026500271424197E-015
           1 ,         303 ,   1015.0000000000000      ,   6.5860511488935458E-014
           1 ,         304 ,   1019.0000000000000      ,   6.2345961726606447E-015
           1 ,         305 ,   1022.0000000000000      ,   6.5810638189001125E-014
           1 ,         306 ,   1025.0000000000000      ,   5.8529570079457471E-015
           1 ,         307 ,   1029.0000000000000      ,   6.5929033066236542E-014
           1 ,         308 ,   1032.0000000000000      ,   6.1990343414031202E-015
           1 ,         309 ,   1035.0000000000000      ,   6.6127658904235886E-014
           1 ,         310 ,   1039.0000000000000      ,   6.1261759554120943E-015
           1 ,         311 ,   1042.0000000000000      ,   6.5889568107158070E-014
           1 ,         312 ,   1046.0000000000000      ,   5.8269361558060950E-015
           1 ,         313 ,   1049.0000000000000      ,   6.5753825995162885E-014
           1 ,         314 ,   1052.0000000000000      ,   5.8494875609937935E-015
           1 ,         315 ,   1056.0000000000000      ,   6.6034851198271127E-014
           1 ,         316 ,   1059.0000000000000      ,   5.5346352501040030E-015
           1 ,         317 ,   1062.0000000000000      ,   6.5582955732779169E-014
           1 ,         318 ,   1066.0000000000000      ,   5.9613772251942976E-015
           1 ,         319 ,   1069.0000000000000      ,   6.5586425179731123E-014
           1 ,         320 ,   1072.0000000000000      ,   5.8321403262340255E-015
           1 ,         321 ,   1076.0000000000000      ,   6.5395171916504680E-014
           1 ,         322 ,   1079.0000000000000      ,   6.0281640790194047E-015
           1 ,         323 ,   1082.0000000000000      ,   6.5764234336018745E-014
           1 ,         324 ,   1086.0000000000000      ,   5.8893862009412601E-015
           1 ,         325 ,   1089.0000000000000      ,   6.5347900701784312E-014
           1 ,         326 ,   1092.0000000000000      ,   5.7089749594396721E-015
           1 ,         327 ,   1096.0000000000000      ,   6.5628492224023560E-014
           1 ,         328 ,   1099.0000000000000      ,   5.9648466721462512E-015
           1 ,         329 ,   1102.0000000000000      ,   6.5841863211568707E-014
           1 ,         330 ,   1106.0000000000000      ,   5.9032639887490745E-015
           1 ,         331 ,   1109.0000000000000      ,   6.5510964708526132E-014
           1 ,         332 ,   1112.0000000000000      ,   5.8061194740943733E-015
           1 ,         333 ,   1116.0000000000000      ,   6.5761198569935786E-014
           1 ,         334 ,   1119.0000000000000      ,   5.7228527472474866E-015
           1 ,         335 ,   1122.0000000000000      ,   6.5585991498862128E-014
           1 ,         336 ,   1126.0000000000000      ,   5.8911209244172369E-015
           1 ,         337 ,   1129.0000000000000      ,   6.5786352060337450E-014
           1 ,         338 ,   1132.0000000000000      ,   5.7332610881033474E-015
           1 ,         339 ,   1136.0000000000000      ,   6.5540888688486731E-014
           1 ,         340 ,   1139.0000000000000      ,   6.0151536529495786E-015
           1 ,         341 ,   1143.0000000000000      ,   6.5539587645879749E-014
           1 ,         342 ,   1146.0000000000000      ,   5.7237201089854750E-015
           1 ,         343 ,   1149.0000000000000      ,   6.5446346259045995E-014
           1 ,         344 ,   1153.0000000000000      ,   5.6751478516581244E-015
           1 ,         345 ,   1156.0000000000000      ,   6.5252490910605587E-014
           1 ,         346 ,   1159.0000000000000      ,   5.7401999820072547E-015
