100
100
199
0 0         0.84018771715470952355
0 1         0.39438292681909303816
1 1         0.78309922375860585575
1 2         0.79844003347607328536
2 2         0.91164735793678430831
2 3         0.19755136929338396046
3 3         0.33522275571488902024
3 4         0.76822959481190400410
4 4         0.27777471080318777430
4 5         0.55396995579543051313
5 5         0.47739705186216024879
5 6         0.62887092476192441026
6 6         0.36478447279184333940
6 7         0.51340091019561551189
7 7         0.95222972517471282661
7 8         0.91619506800370065225
8 8         0.63571172795990094073
8 9         0.71729692943268308358
9 9         0.14160255535580337782
9 10         0.60696887625705864266
10 10         0.01630057162432958090
10 11         0.24288677062973695886
11 11         0.13723157678601871634
11 12         0.80417675422699042009
12 12         0.15667908925408455256
12 13         0.40094439424618349976
13 13         0.12979044678145573721
13 14         0.10880880202576928562
14 14         0.99892451800355896996
14 15         0.21825690531090688462
15 15         0.51293239440439841736
15 16         0.83911223469260720620
16 16         0.61263983259566123785
16 17         0.29603161769734304132
17 17         0.63755226770301920425
17 18         0.52428719006678425885
18 18         0.49358298699072700177
18 19         0.97277502388356951180
19 19         0.29251678441302703115
19 20         0.77135769779391483159
20 20         0.52674497921333884864
20 21         0.76991383627518727994
21 21         0.40022862209017789903
21 22         0.89152945200518218805
22 22         0.28331474600514150453
22 23         0.35245834726489072564
23 23         0.80772452000888272927
23 24         0.91902647396504244526
24 24         0.06975527623191256354
24 25         0.94932707536468607934
25 25         0.52599535022210108792
25 26         0.08605584785624213751
26 26         0.19221384599442306595
26 27         0.66322692700811980426
27 27         0.89023260254889380327
27 28         0.34889293524850761852
28 28         0.06417132078864207223
28 29         0.02002304886468828093
29 29         0.45770173727427687638
29 30         0.06309583832653976876
30 30         0.23827995417559516556
30 31         0.97063413167867540476
31 31         0.90220807348480824839
31 32         0.85091978677125634789
32 32         0.26666574937601839057
32 33         0.53976034072216616533
33 33         0.37520697637237931943
33 34         0.76024873636674539235
34 34         0.51253536414007438982
34 35         0.66772376078540629507
35 35         0.53160643416066022393
35 36         0.03928034335341320377
36 36         0.43763759659493228771
36 37         0.93183505625083817847
37 37         0.93080979535859531548
37 38         0.72095234306573507954
38 38         0.28429340305006756129
38 39         0.73853431490181675745
39 39         0.63997881656511634851
39 40         0.35404867974764142602
40 40         0.68786139026650294781
40 41         0.16597416632155614913
41 41         0.44010452760388352189
41 42         0.88007523626092598601
42 42         0.82920109332967595339
42 43         0.33033712968711609337
43 43         0.22896817104377231722
43 44         0.89337241458397931293
44 44         0.35036017855180434655
44 45         0.68666990831804919360
45 45         0.95646825291051917883
45 46         0.58864013319306085492
46 46         0.65730403953106331105
46 47         0.85867632592966613991
47 47         0.43955991949865591550
47 48         0.92396978890708170162
48 48         0.39843666665183224973
48 49         0.81476689633669652224
49 49         0.68421852527382709397
49 50         0.91097203079190669506
50 50         0.48249065665644158551
50 51         0.21582495896882608610
51 51         0.95025237414531982250
51 52         0.92012825371703521604
52 52         0.14766001475400292176
52 53         0.88106216950391524900
53 53         0.64108059631710900828
53 54         0.43195341826973177035
54 54         0.61959648394007071914
54 55         0.28105941241656401397
55 55         0.78600209801737319637
55 56         0.30745787374091237965
56 56         0.44703357920378145041
56 57         0.22610662515559543095
57 57         0.18753310953617705059
57 58         0.27623467206779617200
58 58         0.55644375530837275612
58 59         0.41650128057994939557
59 59         0.16960708618611428089
59 60         0.90680393386017710267
60 60         0.10317118843233734349
60 61         0.12607533909663340421
61 61         0.49544406658757667028
61 62         0.76047522842906190021
62 62         0.98475166502629951637
62 63         0.93500398655189387309
63 63         0.68444501687048231453
63 64         0.38318833121247047879
64 64         0.74977088242292910802
64 65         0.36866354167864823221
65 65         0.29416036200437711834
65 66         0.23226153861370940623
66 66         0.58448850064747426281
66 67         0.24441273568403568128
67 67         0.15238979186508327945
67 68         0.73214851586713847187
68 68         0.12547490472228961522
68 69         0.79347038818219228773
69 69         0.16410193367120901042
69 70         0.74507138912802162167
70 70         0.07452980059875631558
70 71         0.95010403168858215128
71 71         0.05252926240327267932
71 72         0.52156337980253775211
72 72         0.17621065637851629493
72 73         0.24006237240511102415
73 73         0.79779805187033403513
73 74         0.73265441168688905105
74 74         0.65656365298506047523
74 75         0.96740513852210952006
75 75         0.63945834554706626474
75 76         0.75973484188305906439
76 76         0.09348047715308166472
76 77         0.13490241166898161995
77 77         0.52021006984645967730
77 78         0.07823214171371987991
78 78         0.06990639775521419186
78 79         0.20465508625128078779
79 79         0.46142047339185160437
79 80         0.81967728017814334152
80 80         0.57331862839559033507
80 81         0.75558083539622877822
81 81         0.05193881879185271305
81 82         0.15780712857740331057
82 82         0.99999357108026443175
82 83         0.20432861065693599945
83 83         0.88995564444454189346
83 84         0.12546847580255404697
84 84         0.99779899930478954673
84 85         0.05405757765008955412
85 85         0.87053986493057566864
85 86         0.07232879943788461663
86 86         0.00416160887301043111
86 87         0.92306912733384838265
87 87         0.59389217924042236874
87 88         0.18037226571718800727
88 88         0.16313149927329806399
88 89         0.39169023064509511656
89 89         0.91302667740407705832
89 90         0.81969515272401982653
90 90         0.35909536870154334931
90 91         0.55248502248548203575
91 91         0.57942999414141760361
91 92         0.45257584585462501403
92 92         0.68738743462012497076
92 93         0.09964006352221596585
93 93         0.53080798803400619512
93 94         0.75729383237533920425
94 94         0.30429514977349675364
94 95         0.99222846142585785501
95 95         0.57697111255348243475
95 96         0.87761377816908703320
96 96         0.74780929635642534592
96 97         0.62890993134533512698
97 97         0.03542090674649035070
97 98         0.74780286697102849036
98 98         0.83323854200227120970
98 99         0.92537655119103223722
99 99         0.87327134277358242631
