           5 ,           2 ,   2.0000000000000000      ,  0.94719181105014816     
           5 ,           3 ,   3.0000000000000000      ,  0.63149875660628030     
           5 ,           4 ,   3.0000000000000000      ,  0.42363885243289018     
           5 ,           5 ,   4.0000000000000000      ,  0.32924220624965955     
           5 ,           6 ,   5.0000000000000000      ,  0.28436588338377239     
           5 ,           7 ,   6.0000000000000000      ,  0.23829659395964359     
           5 ,           8 ,   6.0000000000000000      ,  0.17663220758117140     
           5 ,           9 ,   7.0000000000000000      ,  0.16154948071917027     
           5 ,          10 ,   8.0000000000000000      ,  0.14279493054348630     
           5 ,          11 ,   9.0000000000000000      ,  0.11326369032848897     
           5 ,          12 ,   10.000000000000000      ,  0.13668964831513764     
           5 ,          13 ,   10.000000000000000      ,   8.2703059625727798E-002
           5 ,          14 ,   11.000000000000000      ,  0.11545801165213922     
           5 ,          15 ,   12.000000000000000      ,   9.9549864679675831E-002
           5 ,          16 ,   13.000000000000000      ,  0.10630380451047890     
           5 ,          17 ,   13.000000000000000      ,   7.8620003058122237E-002
           5 ,          18 ,   14.000000000000000      ,   9.6095691984137754E-002
           5 ,          19 ,   15.000000000000000      ,   5.7548425848370111E-002
           5 ,          20 ,   16.000000000000000      ,   4.2812897928407971E-002
           5 ,          21 ,   16.000000000000000      ,   3.4156280257758777E-002
           5 ,          22 ,   17.000000000000000      ,   3.8441691230972012E-002
           5 ,          23 ,   18.000000000000000      ,   4.4522858024081208E-002
           5 ,          24 ,   19.000000000000000      ,   8.0623773923588340E-002
           5 ,          25 ,   19.000000000000000      ,   8.2322816959802508E-002
           5 ,          26 ,   20.000000000000000      ,   6.8859641291514964E-002
           5 ,          27 ,   21.000000000000000      ,   3.7247877153936383E-002
           5 ,          28 ,   22.000000000000000      ,   3.2169516416486882E-002
           5 ,          29 ,   23.000000000000000      ,   1.9674658038297370E-002
           5 ,          30 ,   23.000000000000000      ,   1.5106462688981904E-002
           5 ,          31 ,   24.000000000000000      ,   1.0256993141265415E-002
           5 ,          32 ,   25.000000000000000      ,   9.5525376966635531E-003
           5 ,          33 ,   26.000000000000000      ,   9.7996089828567001E-003
           5 ,          34 ,   26.000000000000000      ,   1.2674076143968732E-002
           5 ,          35 ,   27.000000000000000      ,   1.3318477457878590E-002
           5 ,          36 ,   28.000000000000000      ,   1.7258566968088526E-002
           5 ,          37 ,   29.000000000000000      ,   1.7879850227226889E-002
           5 ,          38 ,   29.000000000000000      ,   2.2490650532671914E-002
           5 ,          39 ,   30.000000000000000      ,   2.2346234508158817E-002
           5 ,          40 ,   31.000000000000000      ,   2.6588320310444880E-002
           5 ,          41 ,   32.000000000000000      ,   2.4802408040679950E-002
           5 ,          42 ,   32.000000000000000      ,   2.7491645292047964E-002
           5 ,          43 ,   33.000000000000000      ,   2.3927903721275120E-002
           5 ,          44 ,   34.000000000000000      ,   2.4789326994681702E-002
           5 ,          45 ,   35.000000000000000      ,   2.0357006850264460E-002
           5 ,          46 ,   36.000000000000000      ,   2.0052948641819578E-002
           5 ,          47 ,   36.000000000000000      ,   1.5837082721406888E-002
           5 ,          48 ,   37.000000000000000      ,   1.5130540313831100E-002
           5 ,          49 ,   38.000000000000000      ,   1.1696514611913157E-002
           5 ,          50 ,   39.000000000000000      ,   1.1005785312579591E-002
           5 ,          51 ,   39.000000000000000      ,   8.4259660471142223E-003
           5 ,          52 ,   40.000000000000000      ,   7.8774483872413124E-003
           5 ,          53 ,   41.000000000000000      ,   6.0076419188703732E-003
           5 ,          54 ,   42.000000000000000      ,   5.6021582291630031E-003
           5 ,          55 ,   42.000000000000000      ,   4.2658527500954897E-003
           5 ,          56 ,   43.000000000000000      ,   3.9736911814294458E-003
           5 ,          57 ,   44.000000000000000      ,   3.0238579973409646E-003
           5 ,          58 ,   45.000000000000000      ,   2.8154346949090629E-003
           5 ,          59 ,   45.000000000000000      ,   2.1418496930141508E-003
           5 ,          60 ,   46.000000000000000      ,   1.9938113261496020E-003
           5 ,          61 ,   47.000000000000000      ,   1.5166251645435634E-003
           5 ,          62 ,   48.000000000000000      ,   1.4116935716173475E-003
           5 ,          63 ,   49.000000000000000      ,   1.0737972318931831E-003
           5 ,          64 ,   49.000000000000000      ,   9.9949267720921692E-004
           5 ,          65 ,   50.000000000000000      ,   7.6026918330168725E-004
           5 ,          66 ,   51.000000000000000      ,   7.0767435677355182E-004
           5 ,          67 ,   52.000000000000000      ,   5.3831393179033793E-004
           5 ,          68 ,   52.000000000000000      ,   5.0109076681160644E-004
           5 ,          69 ,   53.000000000000000      ,   3.8118540650000643E-004
           5 ,          70 ,   54.000000000000000      ,   3.5484100695196835E-004
           5 ,          71 ,   55.000000000000000      ,   2.6994300194456422E-004
           5 ,          72 ,   55.000000000000000      ,   2.5129651891633159E-004
           5 ,          73 ,   56.000000000000000      ,   1.9118006314271241E-004
           5 ,          74 ,   57.000000000000000      ,   1.7798076829408579E-004
           5 ,          75 ,   58.000000000000000      ,   1.3540851795941153E-004
           5 ,          76 ,   58.000000000000000      ,   1.2606409381096459E-004
           5 ,          77 ,   59.000000000000000      ,   9.5913523760510211E-005
           5 ,          78 ,   60.000000000000000      ,   8.9297438764613518E-005
           5 ,          79 ,   61.000000000000000      ,   6.7942533221378165E-005
           5 ,          80 ,   62.000000000000000      ,   6.3257709170112114E-005
           5 ,          81 ,   62.000000000000000      ,   4.8131492292321360E-005
           5 ,          82 ,   63.000000000000000      ,   4.4813880515578303E-005
           5 ,          83 ,   64.000000000000000      ,   3.4098910518504111E-005
           5 ,          84 ,   65.000000000000000      ,   3.1749308452524994E-005
           5 ,          85 ,   65.000000000000000      ,   2.4158689326390925E-005
           5 ,          86 ,   66.000000000000000      ,   2.2494525067227183E-005
           5 ,          87 ,   67.000000000000000      ,   1.7116944491635255E-005
           5 ,          88 ,   68.000000000000000      ,   1.5938176925505559E-005
           5 ,          89 ,   68.000000000000000      ,   1.2128235872474469E-005
           5 ,          90 ,   69.000000000000000      ,   1.1293233692994536E-005
           5 ,          91 ,   70.000000000000000      ,   8.5938194955177682E-006
           5 ,          92 ,   71.000000000000000      ,   8.0022958028232172E-006
           5 ,          93 ,   71.000000000000000      ,   6.0896292118223228E-006
           5 ,          94 ,   72.000000000000000      ,   5.6705658205875864E-006
           5 ,          95 ,   73.000000000000000      ,   4.3152946874319698E-006
           5 ,          96 ,   74.000000000000000      ,   4.0183958184766833E-006
           5 ,          97 ,   75.000000000000000      ,   3.0580467470890660E-006
           5 ,          98 ,   75.000000000000000      ,   2.8476897275739321E-006
           5 ,          99 ,   76.000000000000000      ,   2.1671600962565318E-006
           5 ,         100 ,   77.000000000000000      ,   2.0181129340331172E-006
           5 ,         101 ,   78.000000000000000      ,   1.5358553979334666E-006
           5 ,         102 ,   78.000000000000000      ,   1.4302448249105260E-006
           5 ,         103 ,   79.000000000000000      ,   1.0884824581981756E-006
           5 ,         104 ,   80.000000000000000      ,   1.0136470769382677E-006
           5 ,         105 ,   81.000000000000000      ,   7.7144272850673823E-007
           5 ,         106 ,   81.000000000000000      ,   7.1841274170911240E-007
           5 ,         107 ,   82.000000000000000      ,   5.4675972775003467E-007
           5 ,         108 ,   83.000000000000000      ,   5.0918032101776589E-007
           5 ,         109 ,   84.000000000000000      ,   3.8752471949107803E-007
           5 ,         110 ,   84.000000000000000      ,   3.6089346916109988E-007
           5 ,         111 ,   85.000000000000000      ,   2.7467041467665876E-007
           5 ,         112 ,   86.000000000000000      ,   2.5579721213420115E-007
           5 ,         113 ,   87.000000000000000      ,   1.9468545208248256E-007
           5 ,         114 ,   88.000000000000000      ,   1.8130990430548222E-007
           5 ,         115 ,   88.000000000000000      ,   1.3799515261037065E-007
           5 ,         116 ,   89.000000000000000      ,   1.2851558446602684E-007
           5 ,         117 ,   90.000000000000000      ,   9.7814336595669626E-008
           5 ,         118 ,   91.000000000000000      ,   9.1095778587124698E-008
           5 ,         119 ,   91.000000000000000      ,   6.9334472226068034E-008
           5 ,         120 ,   92.000000000000000      ,   6.4572644679211644E-008
           5 ,         121 ,   93.000000000000000      ,   4.9147746910421786E-008
           5 ,         122 ,   94.000000000000000      ,   4.5772691414924793E-008
           5 ,         123 ,   94.000000000000000      ,   3.4838975378204129E-008
           5 ,         124 ,   95.000000000000000      ,   3.2446775832112307E-008
           5 ,         125 ,   96.000000000000000      ,   2.4696433474635793E-008
           5 ,         126 ,   97.000000000000000      ,   2.3000834535602532E-008
           5 ,         127 ,   97.000000000000000      ,   1.7506925402421825E-008
           5 ,         128 ,   98.000000000000000      ,   1.6305058598425903E-008
           5 ,         129 ,   99.000000000000000      ,   1.2410582467953235E-008
           5 ,         130 ,   100.00000000000000      ,   1.1558663144672909E-008
           5 ,         131 ,   101.00000000000000      ,   8.7979346308220130E-009
           5 ,         132 ,   101.00000000000000      ,   8.1940587370876727E-009
           5 ,         133 ,   102.00000000000000      ,   6.2369944278661826E-009
           5 ,         134 ,   103.00000000000000      ,   5.8089352147905338E-009
           5 ,         135 ,   104.00000000000000      ,   4.4215505215494666E-009
           5 ,         136 ,   104.00000000000000      ,   4.1181152030111967E-009
           5 ,         137 ,   105.00000000000000      ,   3.1345800677318181E-009
           5 ,         138 ,   106.00000000000000      ,   2.9194814066269004E-009
           5 ,         139 ,   107.00000000000000      ,   2.2222307292929511E-009
           5 ,         140 ,   107.00000000000000      ,   2.0697512280454244E-009
           5 ,         141 ,   108.00000000000000      ,   1.5754510161725133E-009
           5 ,         142 ,   109.00000000000000      ,   1.4673649829932689E-009
           5 ,         143 ,   110.00000000000000      ,   1.1169295731361384E-009
           5 ,         144 ,   110.00000000000000      ,   1.0403065457686989E-009
           5 ,         145 ,   111.00000000000000      ,   7.9186779702866694E-010
           5 ,         146 ,   112.00000000000000      ,   7.3755008350717688E-010
           5 ,         147 ,   113.00000000000000      ,   5.6141527884912001E-010
           5 ,         148 ,   114.00000000000000      ,   5.2290611771144135E-010
           5 ,         149 ,   114.00000000000000      ,   3.9803177767638864E-010
           5 ,         150 ,   115.00000000000000      ,   3.7073200759296654E-010
           5 ,         151 ,   116.00000000000000      ,   2.8219858394518127E-010
           5 ,         152 ,   117.00000000000000      ,   2.6284231041673323E-010
           5 ,         153 ,   117.00000000000000      ,   2.0007743378736009E-010
           5 ,         154 ,   118.00000000000000      ,   1.8635502516128888E-010
           5 ,         155 ,   119.00000000000000      ,   1.4185495833540784E-010
           5 ,         156 ,   120.00000000000000      ,   1.3212462374179168E-010
           5 ,         157 ,   120.00000000000000      ,   1.0057638402671820E-010
           5 ,         158 ,   121.00000000000000      ,   9.3680781881877451E-011
           5 ,         159 ,   122.00000000000000      ,   7.1312174915183490E-011
           5 ,         160 ,   123.00000000000000      ,   6.6422423117273866E-011
           5 ,         161 ,   123.00000000000000      ,   5.0551878655324956E-011
           5 ,         162 ,   124.00000000000000      ,   4.7087882204532860E-011
           5 ,         163 ,   125.00000000000000      ,   3.5837870865362831E-011
           5 ,         164 ,   126.00000000000000      ,   3.3382071412679792E-011
           5 ,         165 ,   127.00000000000000      ,   2.5407363712925957E-011
           5 ,         166 ,   127.00000000000000      ,   2.3667054427356504E-011
           5 ,         167 ,   128.00000000000000      ,   1.8013406738459636E-011
           5 ,         168 ,   129.00000000000000      ,   1.6777121358835245E-011
           5 ,         169 ,   130.00000000000000      ,   1.2767054774487363E-011
           5 ,         170 ,   130.00000000000000      ,   1.1890238793554886E-011
           5 ,         171 ,   131.00000000000000      ,   9.0497782878617983E-012
           5 ,         172 ,   132.00000000000000      ,   8.4275988965210047E-012
           5 ,         173 ,   133.00000000000000      ,   6.4142302580449950E-012
           5 ,         174 ,   133.00000000000000      ,   5.9659464868300205E-012
           5 ,         175 ,   134.00000000000000      ,   4.5423595440574616E-012
           5 ,         176 ,   135.00000000000000      ,   4.2254637289129704E-012
           5 ,         177 ,   136.00000000000000      ,   3.2200422883654767E-012
           5 ,         178 ,   136.00000000000000      ,   2.9964294934181623E-012
           5 ,         179 ,   137.00000000000000      ,   2.2824866996451476E-012
           5 ,         180 ,   138.00000000000000      ,   2.1247170689520090E-012
           5 ,         181 ,   139.00000000000000      ,   1.6198223318220073E-012
           5 ,         182 ,   140.00000000000000      ,   1.5065206027120581E-012
           5 ,         183 ,   140.00000000000000      ,   1.1483453077332229E-012
           5 ,         184 ,   141.00000000000000      ,   1.0667196292946102E-012
           5 ,         185 ,   142.00000000000000      ,   8.1025464115924706E-013
           5 ,         186 ,   143.00000000000000      ,   7.5265141341596120E-013
           5 ,         187 ,   143.00000000000000      ,   5.7350998949878829E-013
           5 ,         188 ,   144.00000000000000      ,   5.3341359107506037E-013
           5 ,         189 ,   145.00000000000000      ,   4.0532854850283684E-013
           5 ,         190 ,   146.00000000000000      ,   3.7770828131833412E-013
           5 ,         191 ,   146.00000000000000      ,   2.8965371767775139E-013
           5 ,         192 ,   147.00000000000000      ,   2.6711619027786071E-013
           5 ,         193 ,   148.00000000000000      ,   2.0528717614709535E-013
           5 ,         194 ,   149.00000000000000      ,   1.8948731472789859E-013
           5 ,         195 ,   149.00000000000000      ,   1.4440879048116528E-013
           5 ,         196 ,   150.00000000000000      ,   1.3296308498667031E-013
           5 ,         197 ,   151.00000000000000      ,   9.8882707577629958E-014
           5 ,         198 ,   152.00000000000000      ,   7.9783402107125312E-014
           5 ,         199 ,   153.00000000000000      ,   5.7905069628105821E-014
           5 ,         200 ,   153.00000000000000      ,   4.7239989697800411E-014
           5 ,         201 ,   154.00000000000000      ,   3.4229563627974358E-014
           5 ,         202 ,   155.00000000000000      ,   2.6405960751318958E-014
           5 ,         203 ,   156.00000000000000      ,   1.8058471384918562E-014
           5 ,         204 ,   156.00000000000000      ,   7.3309414094779868E-015
           5 ,         205 ,   157.00000000000000      ,   3.7123082385903672E-015
           5 ,         206 ,   158.00000000000000      ,   5.2249871096421430E-015
           5 ,         207 ,   159.00000000000000      ,   4.2969100499945512E-015
           5 ,         208 ,   159.00000000000000      ,   6.5225602696727947E-015
           5 ,         209 ,   160.00000000000000      ,   4.7739590058881731E-015
           5 ,         210 ,   161.00000000000000      ,   4.0661918276896358E-015
           5 ,         211 ,   162.00000000000000      ,   5.3568260938163803E-015
           5 ,         212 ,   162.00000000000000      ,   8.7603535536828758E-015
           5 ,         213 ,   163.00000000000000      ,   4.8225312632155237E-015
           5 ,         214 ,   164.00000000000000      ,   6.7654215563095477E-015
           5 ,         215 ,   165.00000000000000      ,   4.3541559247017858E-015
           5 ,         216 ,   166.00000000000000      ,   2.9247437804968968E-015
           5 ,         217 ,   166.00000000000000      ,   4.2153780466236412E-015
           5 ,         218 ,   167.00000000000000      ,   2.4494295480792516E-015
           5 ,         219 ,   168.00000000000000      ,   4.7132436842289849E-015
           5 ,         220 ,   169.00000000000000      ,   2.9767854847762010E-015
           5 ,         221 ,   169.00000000000000      ,   3.5318969970887792E-015
           5 ,         222 ,   170.00000000000000      ,   3.9915987182226331E-015
           5 ,         223 ,   171.00000000000000      ,   4.1928266414359427E-015
           5 ,         224 ,   172.00000000000000      ,   7.2268580009193784E-015
           5 ,         225 ,   172.00000000000000      ,   3.8927194800919551E-015
           5 ,         226 ,   173.00000000000000      ,   2.5257573810222311E-015
           5 ,         227 ,   174.00000000000000      ,   4.3628295420816698E-015
           5 ,         228 ,   175.00000000000000      ,   5.6413207438765767E-015
           5 ,         229 ,   175.00000000000000      ,   3.9152708852796536E-015
           5 ,         230 ,   176.00000000000000      ,   4.5449755070592346E-015
           5 ,         231 ,   177.00000000000000      ,   5.3221316242968442E-015
           5 ,         232 ,   178.00000000000000      ,   5.8147930914742574E-015
           5 ,         233 ,   179.00000000000000      ,   6.8799133057240169E-015
           5 ,         234 ,   179.00000000000000      ,   3.8736375218562102E-015
           5 ,         235 ,   180.00000000000000      ,   5.3360094121046586E-015
           5 ,         236 ,   181.00000000000000      ,   2.8588242884097781E-015
           5 ,         237 ,   182.00000000000000      ,   3.8875153096640247E-015
           5 ,         238 ,   182.00000000000000      ,   5.8772431366094224E-015
           5 ,         239 ,   183.00000000000000      ,   6.7966465788771302E-015
           5 ,         240 ,   184.00000000000000      ,   6.8486882831564344E-015
           5 ,         241 ,   185.00000000000000      ,   4.3506864777498322E-015
           5 ,         242 ,   185.00000000000000      ,   6.0455113137791727E-015
           5 ,         243 ,   186.00000000000000      ,   6.1305127641020363E-015
           5 ,         244 ,   187.00000000000000      ,   2.0747292772682613E-015
           5 ,         245 ,   188.00000000000000      ,   4.2708891978548991E-015
           5 ,         246 ,   188.00000000000000      ,   2.5673907444456745E-015
           5 ,         247 ,   189.00000000000000      ,   4.4599740567363710E-015
           5 ,         248 ,   190.00000000000000      ,   9.9937419451023857E-015
           5 ,         249 ,   191.00000000000000      ,   4.2136433231476644E-015
           5 ,         250 ,   192.00000000000000      ,   4.7427339833205906E-015
           5 ,         251 ,   192.00000000000000      ,   6.0507154842071031E-015
           5 ,         252 ,   193.00000000000000      ,   1.1058862159352145E-014
           5 ,         253 ,   194.00000000000000      ,   4.3107878378023656E-015
           5 ,         254 ,   195.00000000000000      ,   3.0010716134398763E-015
           5 ,         255 ,   195.00000000000000      ,   3.5492442318485473E-015
           5 ,         256 ,   196.00000000000000      ,   2.8241298188902419E-015
           5 ,         257 ,   197.00000000000000      ,   3.7227165794462280E-015
           5 ,         258 ,   198.00000000000000      ,   3.0132146777717139E-015
           5 ,         259 ,   198.00000000000000      ,   4.1477238310605458E-015
           5 ,         260 ,   199.00000000000000      ,   2.4980018054066022E-015
           5 ,         261 ,   200.00000000000000      ,   8.1115669736675500E-015
           5 ,         262 ,   201.00000000000000      ,   9.2530150208602890E-015
           5 ,         263 ,   201.00000000000000      ,   4.2691544743789223E-015
           5 ,         264 ,   202.00000000000000      ,   6.3889865620225805E-015
           5 ,         265 ,   203.00000000000000      ,   5.0081466751450421E-015
           5 ,         266 ,   204.00000000000000      ,   4.8815118613987352E-015
           5 ,         267 ,   204.00000000000000      ,   4.6126297226223301E-015
           5 ,         268 ,   205.00000000000000      ,   2.3800406090401793E-015
           5 ,         269 ,   206.00000000000000      ,   5.4539706084710815E-015
           5 ,         270 ,   207.00000000000000      ,   2.9889285491080386E-015
           5 ,         271 ,   208.00000000000000      ,   4.1806835771041051E-015
           5 ,         272 ,   208.00000000000000      ,   2.4771851236948805E-015
           5 ,         273 ,   209.00000000000000      ,   6.9111383282915995E-015
           5 ,         274 ,   210.00000000000000      ,   4.3350739664660409E-015
