           3 ,           2 ,   2.0000000000000000      ,  0.94719181105015082     
           3 ,           3 ,   3.0000000000000000      ,  0.63149875660626020     
           3 ,           4 ,   4.0000000000000000      ,  0.42363885243287502     
           3 ,           5 ,   4.0000000000000000      ,  0.32924220624964917     
           3 ,           6 ,   5.0000000000000000      ,  0.28436588338374535     
           3 ,           7 ,   6.0000000000000000      ,  0.23829659395965547     
           3 ,           8 ,   7.0000000000000000      ,  0.17663220758116305     
           3 ,           9 ,   7.0000000000000000      ,  0.16154948071944242     
           3 ,          10 ,   8.0000000000000000      ,  0.14279493054320239     
           3 ,          11 ,   9.0000000000000000      ,  0.11326369032859354     
           3 ,          12 ,   10.000000000000000      ,  0.13668964831522451     
           3 ,          13 ,   10.000000000000000      ,   8.2703059625623299E-002
           3 ,          14 ,   11.000000000000000      ,  0.11545801165163123     
           3 ,          15 ,   12.000000000000000      ,   9.9549864679554373E-002
           3 ,          16 ,   13.000000000000000      ,  0.10630380451044752     
           3 ,          17 ,   13.000000000000000      ,   7.8620003058218424E-002
           3 ,          18 ,   14.000000000000000      ,   9.6095691983745735E-002
           3 ,          19 ,   15.000000000000000      ,   5.7548425848414866E-002
           3 ,          20 ,   16.000000000000000      ,   4.2812897928034055E-002
           3 ,          21 ,   16.000000000000000      ,   3.4156280257411437E-002
           3 ,          22 ,   17.000000000000000      ,   3.8441691230568037E-002
           3 ,          23 ,   18.000000000000000      ,   4.4522858023623678E-002
           3 ,          24 ,   19.000000000000000      ,   8.0623773922602990E-002
           3 ,          25 ,   20.000000000000000      ,   8.2322816959572984E-002
           3 ,          26 ,   20.000000000000000      ,   6.8859641291468682E-002
           3 ,          27 ,   21.000000000000000      ,   3.7247877154621849E-002
           3 ,          28 ,   22.000000000000000      ,   3.2169516416481220E-002
           3 ,          29 ,   23.000000000000000      ,   1.9674658038223436E-002
           3 ,          30 ,   23.000000000000000      ,   1.5106462688928377E-002
           3 ,          31 ,   24.000000000000000      ,   1.0256993141275607E-002
           3 ,          32 ,   25.000000000000000      ,   9.5525376963857267E-003
           3 ,          33 ,   26.000000000000000      ,   9.7996089825103227E-003
           3 ,          34 ,   26.000000000000000      ,   1.2674076143421528E-002
           3 ,          35 ,   27.000000000000000      ,   1.3318477457246666E-002
           3 ,          36 ,   28.000000000000000      ,   1.7258566967205496E-002
           3 ,          37 ,   29.000000000000000      ,   1.7879850226295985E-002
           3 ,          38 ,   29.000000000000000      ,   2.2490650531442082E-002
           3 ,          39 ,   30.000000000000000      ,   2.2346234506992600E-002
           3 ,          40 ,   31.000000000000000      ,   2.6588320309161310E-002
           3 ,          41 ,   32.000000000000000      ,   2.4802408039715732E-002
           3 ,          42 ,   32.000000000000000      ,   2.7491645291256524E-002
           3 ,          43 ,   33.000000000000000      ,   2.3927903720917069E-002
           3 ,          44 ,   34.000000000000000      ,   2.4789326994591264E-002
           3 ,          45 ,   35.000000000000000      ,   2.0357006850443088E-002
           3 ,          46 ,   35.000000000000000      ,   2.0052948642203361E-002
           3 ,          47 ,   36.000000000000000      ,   1.5837082721894647E-002
           3 ,          48 ,   37.000000000000000      ,   1.5130540314399334E-002
           3 ,          49 ,   38.000000000000000      ,   1.1696514612426046E-002
           3 ,          50 ,   39.000000000000000      ,   1.1005785313099863E-002
           3 ,          51 ,   39.000000000000000      ,   8.4259660475390075E-003
           3 ,          52 ,   40.000000000000000      ,   7.8774483876241745E-003
           3 ,          53 ,   41.000000000000000      ,   6.0076419191509613E-003
           3 ,          54 ,   42.000000000000000      ,   5.6021582293997183E-003
           3 ,          55 ,   42.000000000000000      ,   4.2658527502553237E-003
           3 ,          56 ,   43.000000000000000      ,   3.9736911815495806E-003
           3 ,          57 ,   44.000000000000000      ,   3.0238579974124699E-003
           3 ,          58 ,   45.000000000000000      ,   2.8154346949501620E-003
           3 ,          59 ,   45.000000000000000      ,   2.1418496930285247E-003
           3 ,          60 ,   46.000000000000000      ,   1.9938113261414731E-003
           3 ,          61 ,   47.000000000000000      ,   1.5166251645265284E-003
           3 ,          62 ,   48.000000000000000      ,   1.4116935715901523E-003
           3 ,          63 ,   48.000000000000000      ,   1.0737972318642305E-003
           3 ,          64 ,   49.000000000000000      ,   9.9949267717060891E-004
           3 ,          65 ,   50.000000000000000      ,   7.6026918326713502E-004
           3 ,          66 ,   51.000000000000000      ,   7.0767435673262276E-004
           3 ,          67 ,   52.000000000000000      ,   5.3831393175551856E-004
           3 ,          68 ,   52.000000000000000      ,   5.0109076677331416E-004
           3 ,          69 ,   53.000000000000000      ,   3.8118540646822283E-004
           3 ,          70 ,   54.000000000000000      ,   3.5484100691839451E-004
           3 ,          71 ,   55.000000000000000      ,   2.6994300192695678E-004
           3 ,          72 ,   55.000000000000000      ,   2.5129651889527205E-004
           3 ,          73 ,   56.000000000000000      ,   1.9118006313697047E-004
           3 ,          74 ,   57.000000000000000      ,   1.7798076828584239E-004
           3 ,          75 ,   58.000000000000000      ,   1.3540851796088951E-004
           3 ,          76 ,   58.000000000000000      ,   1.2606409381145031E-004
           3 ,          77 ,   59.000000000000000      ,   9.5913523765006614E-005
           3 ,          78 ,   60.000000000000000      ,   8.9297438766823556E-005
           3 ,          79 ,   61.000000000000000      ,   6.7942533225607421E-005
           3 ,          80 ,   61.000000000000000      ,   6.3257709174573823E-005
           3 ,          81 ,   62.000000000000000      ,   4.8131492301504986E-005
           3 ,          82 ,   63.000000000000000      ,   4.4813880521646365E-005
           3 ,          83 ,   64.000000000000000      ,   3.4098910526310366E-005
           3 ,          84 ,   64.000000000000000      ,   3.1749308459047554E-005
           3 ,          85 ,   65.000000000000000      ,   2.4158689331317540E-005
           3 ,          86 ,   66.000000000000000      ,   2.2494525069634980E-005
           3 ,          87 ,   67.000000000000000      ,   1.7116944494466324E-005
           3 ,          88 ,   68.000000000000000      ,   1.5938176927847436E-005
           3 ,          89 ,   68.000000000000000      ,   1.2128235874653281E-005
           3 ,          90 ,   69.000000000000000      ,   1.1293233691658799E-005
           3 ,          91 ,   70.000000000000000      ,   8.5938194944561175E-006
           3 ,          92 ,   71.000000000000000      ,   8.0022958023201474E-006
           3 ,          93 ,   71.000000000000000      ,   6.0896292124502927E-006
           3 ,          94 ,   72.000000000000000      ,   5.6705658218574040E-006
           3 ,          95 ,   73.000000000000000      ,   4.3152946870503306E-006
           3 ,          96 ,   74.000000000000000      ,   4.0183958194134339E-006
           3 ,          97 ,   74.000000000000000      ,   3.0580467473666217E-006
           3 ,          98 ,   75.000000000000000      ,   2.8476897294786585E-006
           3 ,          99 ,   76.000000000000000      ,   2.1671600974604299E-006
           3 ,         100 ,   77.000000000000000      ,   2.0181129365866302E-006
           3 ,         101 ,   77.000000000000000      ,   1.5358553999630931E-006
           3 ,         102 ,   78.000000000000000      ,   1.4302448262636103E-006
           3 ,         103 ,   79.000000000000000      ,   1.0884824596830989E-006
           3 ,         104 ,   80.000000000000000      ,   1.0136470793703500E-006
           3 ,         105 ,   80.000000000000000      ,   7.7144272828122418E-007
           3 ,         106 ,   81.000000000000000      ,   7.1841275363360158E-007
           3 ,         107 ,   82.000000000000000      ,   5.4675973660406330E-007
           3 ,         108 ,   83.000000000000000      ,   5.0918033598149059E-007
           3 ,         109 ,   83.000000000000000      ,   3.8752473096453910E-007
           3 ,         110 ,   84.000000000000000      ,   3.6089348749018813E-007
           3 ,         111 ,   85.000000000000000      ,   2.7467042571990841E-007
           3 ,         112 ,   86.000000000000000      ,   2.5579722624097245E-007
           3 ,         113 ,   87.000000000000000      ,   1.9468546009343557E-007
           3 ,         114 ,   87.000000000000000      ,   1.8130992096576648E-007
           3 ,         115 ,   88.000000000000000      ,   1.3799516594692474E-007
           3 ,         116 ,   89.000000000000000      ,   1.2851560341614610E-007
           3 ,         117 ,   90.000000000000000      ,   9.7814351805725064E-008
           3 ,         118 ,   90.000000000000000      ,   9.1095797936230349E-008
           3 ,         119 ,   91.000000000000000      ,   6.9334486450800537E-008
           3 ,         120 ,   92.000000000000000      ,   6.4572660812139970E-008
           3 ,         121 ,   93.000000000000000      ,   4.9147757232026468E-008
           3 ,         122 ,   93.000000000000000      ,   4.5772701871837906E-008
           3 ,         123 ,   94.000000000000000      ,   3.4838982421181441E-008
           3 ,         124 ,   95.000000000000000      ,   3.2446784176132226E-008
           3 ,         125 ,   96.000000000000000      ,   2.4696438945953636E-008
           3 ,         126 ,   96.000000000000000      ,   2.3000842293285917E-008
           3 ,         127 ,   97.000000000000000      ,   1.7506930804350729E-008
           3 ,         128 ,   98.000000000000000      ,   1.6305064572813555E-008
           3 ,         129 ,   99.000000000000000      ,   1.2410586454347783E-008
           3 ,         130 ,   99.000000000000000      ,   1.1558668810279782E-008
           3 ,         131 ,   100.00000000000000      ,   8.7979376596492020E-009
           3 ,         132 ,   101.00000000000000      ,   8.1940625396015321E-009
           3 ,         133 ,   102.00000000000000      ,   6.2369980395604596E-009
           3 ,         134 ,   103.00000000000000      ,   5.8089382991288740E-009
           3 ,         135 ,   103.00000000000000      ,   4.4215668904001859E-009
           3 ,         136 ,   104.00000000000000      ,   4.1181298093828644E-009
           3 ,         137 ,   105.00000000000000      ,   3.1346024768896807E-009
           3 ,         138 ,   106.00000000000000      ,   2.9195029623008129E-009
           3 ,         139 ,   106.00000000000000      ,   2.2222576348540635E-009
           3 ,         140 ,   107.00000000000000      ,   2.0697767458277561E-009
           3 ,         141 ,   108.00000000000000      ,   1.5754758365960075E-009
           3 ,         142 ,   109.00000000000000      ,   1.4673820908361890E-009
           3 ,         143 ,   109.00000000000000      ,   1.1169512155462247E-009
           3 ,         144 ,   110.00000000000000      ,   1.0403231054390005E-009
           3 ,         145 ,   111.00000000000000      ,   7.9188362117621480E-010
           3 ,         146 ,   112.00000000000000      ,   7.3755944407505325E-010
           3 ,         147 ,   112.00000000000000      ,   5.6142648516277482E-010
           3 ,         148 ,   113.00000000000000      ,   5.2291602645193613E-010
           3 ,         149 ,   114.00000000000000      ,   3.9804389298514486E-010
           3 ,         150 ,   115.00000000000000      ,   3.7074091019384525E-010
           3 ,         151 ,   116.00000000000000      ,   2.8220869044415231E-010
           3 ,         152 ,   116.00000000000000      ,   2.6285391571678751E-010
           3 ,         153 ,   117.00000000000000      ,   2.0008744314181648E-010
           3 ,         154 ,   118.00000000000000      ,   1.8636454532372504E-010
           3 ,         155 ,   119.00000000000000      ,   1.4186223029621914E-010
           3 ,         156 ,   119.00000000000000      ,   1.3213402594303147E-010
           3 ,         157 ,   120.00000000000000      ,   1.0058206351137855E-010
           3 ,         158 ,   121.00000000000000      ,   9.3684511537350801E-011
           3 ,         159 ,   122.00000000000000      ,   7.1315120475645699E-011
           3 ,         160 ,   122.00000000000000      ,   6.6425757255794693E-011
           3 ,         161 ,   123.00000000000000      ,   5.0564944592546013E-011
           3 ,         162 ,   124.00000000000000      ,   4.7097468286461108E-011
           3 ,         163 ,   125.00000000000000      ,   3.5850860474750945E-011
           3 ,         164 ,   125.00000000000000      ,   3.3391983622621524E-011
           3 ,         165 ,   126.00000000000000      ,   2.5419763516332239E-011
           3 ,         166 ,   127.00000000000000      ,   2.3677008270661659E-011
           3 ,         167 ,   128.00000000000000      ,   1.8023478542961158E-011
           3 ,         168 ,   128.00000000000000      ,   1.6788511553178509E-011
           3 ,         169 ,   129.00000000000000      ,   1.2780061731110237E-011
           3 ,         170 ,   130.00000000000000      ,   1.1903807800583976E-011
           3 ,         171 ,   131.00000000000000      ,   9.0609568459409928E-012
           3 ,         172 ,   132.00000000000000      ,   8.4398668609431127E-012
           3 ,         173 ,   132.00000000000000      ,   6.4255961662595951E-012
           3 ,         174 ,   133.00000000000000      ,   5.9849278311041587E-012
           3 ,         175 ,   134.00000000000000      ,   4.5558938566170326E-012
           3 ,         176 ,   135.00000000000000      ,   4.2436644476229191E-012
           3 ,         177 ,   135.00000000000000      ,   3.2305963459933196E-012
           3 ,         178 ,   136.00000000000000      ,   3.0091311387092645E-012
           3 ,         179 ,   137.00000000000000      ,   2.2903103025218030E-012
           3 ,         180 ,   138.00000000000000      ,   2.1335710975733946E-012
           3 ,         181 ,   138.00000000000000      ,   1.6242493461327001E-012
           3 ,         182 ,   139.00000000000000      ,   1.5126407071353043E-012
           3 ,         183 ,   140.00000000000000      ,   1.1515233211412124E-012
           3 ,         184 ,   141.00000000000000      ,   1.0723227861220153E-012
           3 ,         185 ,   141.00000000000000      ,   8.1644760396848426E-013
           3 ,         186 ,   142.00000000000000      ,   1.0165479569224090E-015
           3 ,         187 ,   143.00000000000000      ,   2.0322632465763490E-013
           3 ,         188 ,   144.00000000000000      ,   2.9837243786801082E-015
           3 ,         189 ,   144.00000000000000      ,   1.0785122794843005E-013
           3 ,         190 ,   145.00000000000000      ,   3.7018998977345063E-015
           3 ,         191 ,   146.00000000000000      ,   5.5292576073284749E-014
           3 ,         192 ,   147.00000000000000      ,   3.1953606427492787E-015
           3 ,         193 ,   148.00000000000000      ,   2.9892754938032340E-014
           3 ,         194 ,   148.00000000000000      ,   1.1666015375944028E-015
           3 ,         195 ,   149.00000000000000      ,   1.5369649997154511E-014
           3 ,         196 ,   150.00000000000000      ,   7.1297134862646772E-016
           3 ,         197 ,   151.00000000000000      ,   8.0317696937726168E-015
           3 ,         198 ,   151.00000000000000      ,   7.3899220076611982E-016
           3 ,         199 ,   152.00000000000000      ,   4.1182335319689400E-015
           3 ,         200 ,   153.00000000000000      ,   4.7323256424647298E-015
           3 ,         201 ,   154.00000000000000      ,   2.3453461395206432E-015
           3 ,         202 ,   154.00000000000000      ,   4.9960036108132044E-015
           3 ,         203 ,   155.00000000000000      ,   1.2732870313669764E-015
           3 ,         204 ,   156.00000000000000      ,   3.8406777758126509E-015
           3 ,         205 ,   157.00000000000000      ,   1.3079815008865125E-015
           3 ,         206 ,   157.00000000000000      ,   9.2200552748167297E-016
           3 ,         207 ,   158.00000000000000      ,   7.4593109467002705E-016
           3 ,         208 ,   159.00000000000000      ,   3.9759862069388419E-015
           3 ,         209 ,   160.00000000000000      ,   8.2919782151691379E-016
           3 ,         210 ,   160.00000000000000      ,   9.1419927183977734E-016
           3 ,         211 ,   161.00000000000000      ,   4.1494585545365226E-015
           3 ,         212 ,   162.00000000000000      ,   3.8372083288606973E-015
           3 ,         213 ,   163.00000000000000      ,   9.9573127521068727E-016
           3 ,         214 ,   164.00000000000000      ,   1.6514567491299204E-015
           3 ,         215 ,   164.00000000000000      ,   1.8735013540549517E-015
           3 ,         216 ,   165.00000000000000      ,   1.6202317265623378E-015
           3 ,         217 ,   166.00000000000000      ,   2.3800406090401793E-015
           3 ,         218 ,   167.00000000000000      ,   6.6700117651308233E-016
           3 ,         219 ,   167.00000000000000      ,   1.0390993621101074E-015
           3 ,         220 ,   168.00000000000000      ,   4.7253867485608225E-015
           3 ,         221 ,   169.00000000000000      ,   1.0061396160665481E-015
           3 ,         222 ,   170.00000000000000      ,   1.1744077932362984E-015
           3 ,         223 ,   170.00000000000000      ,   1.1848161340921592E-015
           3 ,         224 ,   171.00000000000000      ,   1.6705387073656652E-015
           3 ,         225 ,   172.00000000000000      ,   4.1806835771041051E-015
           3 ,         226 ,   173.00000000000000      ,   1.8093165854438098E-015
           3 ,         227 ,   173.00000000000000      ,   3.5318969970887792E-015
           3 ,         228 ,   174.00000000000000      ,   3.1103591924264151E-015
           3 ,         229 ,   175.00000000000000      ,   1.0616507672978059E-015
           3 ,         230 ,   176.00000000000000      ,   4.3021142204224816E-016
           3 ,         231 ,   176.00000000000000      ,   1.6653345369377348E-015
           3 ,         232 ,   177.00000000000000      ,   2.6714741530042829E-016
           3 ,         233 ,   178.00000000000000      ,   2.4182045255116691E-015
           3 ,         234 ,   179.00000000000000      ,   1.2212453270876722E-015
           3 ,         235 ,   180.00000000000000      ,   2.0747292772682613E-015
           3 ,         236 ,   180.00000000000000      ,   1.0035375308525829E-015
           3 ,         237 ,   181.00000000000000      ,   3.2682190287403046E-015
           3 ,         238 ,   182.00000000000000      ,   7.0776717819853729E-016
           3 ,         239 ,   183.00000000000000      ,   4.6143644460983069E-015
           3 ,         240 ,   183.00000000000000      ,   1.1345091532888318E-015
           3 ,         241 ,   184.00000000000000      ,   1.3773704399255848E-015
           3 ,         242 ,   185.00000000000000      ,   1.8093165854438098E-015
           3 ,         243 ,   186.00000000000000      ,   8.8123952579621800E-016
           3 ,         244 ,   186.00000000000000      ,   3.0843383402867630E-015
           3 ,         245 ,   187.00000000000000      ,   1.2108369862318114E-015
           3 ,         246 ,   188.00000000000000      ,   9.6797569959505836E-016
           3 ,         247 ,   189.00000000000000      ,   2.1475876632592872E-015
           3 ,         248 ,   189.00000000000000      ,   1.8266638202035779E-015
           3 ,         249 ,   190.00000000000000      ,   4.1598668953923834E-015
           3 ,         250 ,   191.00000000000000      ,   7.2684913643428217E-016
           3 ,         251 ,   192.00000000000000      ,   1.7520707107365752E-015
           3 ,         252 ,   192.00000000000000      ,   7.4419637119405024E-016
           3 ,         253 ,   193.00000000000000      ,   2.0469737016526324E-015
           3 ,         254 ,   194.00000000000000      ,   2.1614654510671016E-015
           3 ,         255 ,   195.00000000000000      ,   4.8398784979752918E-016
           3 ,         256 ,   196.00000000000000      ,   9.0292356924592809E-016
           3 ,         257 ,   196.00000000000000      ,   1.9706458687096529E-015
           3 ,         258 ,   197.00000000000000      ,   1.1796119636642288E-015
           3 ,         259 ,   198.00000000000000      ,   1.1683362610703796E-015
           3 ,         260 ,   199.00000000000000      ,   1.8179902028236938E-015
           3 ,         261 ,   199.00000000000000      ,   7.3899220076611982E-016
           3 ,         262 ,   200.00000000000000      ,   2.2881002648134086E-015
