           1 ,           2 ,   2.0000000000000000      ,  0.94719181105017269     
           1 ,           3 ,   2.0000000000000000      ,  0.63149875660625110     
           1 ,           4 ,   3.0000000000000000      ,  0.42363885243286298     
           1 ,           5 ,   4.0000000000000000      ,  0.32924220624961525     
           1 ,           6 ,   5.0000000000000000      ,  0.28436588338371660     
           1 ,           7 ,   5.0000000000000000      ,  0.23829659395986169     
           1 ,           8 ,   6.0000000000000000      ,  0.17663220758120590     
           1 ,           9 ,   7.0000000000000000      ,  0.16154948071962727     
           1 ,          10 ,   8.0000000000000000      ,  0.14279493054307968     
           1 ,          11 ,   8.0000000000000000      ,  0.11326369032805342     
           1 ,          12 ,   9.0000000000000000      ,  0.13668964831518746     
           1 ,          13 ,   10.000000000000000      ,   8.2703059625213515E-002
           1 ,          14 ,   11.000000000000000      ,  0.11545801165215264     
           1 ,          15 ,   11.000000000000000      ,   9.9549864679277220E-002
           1 ,          16 ,   12.000000000000000      ,  0.10630380450963900     
           1 ,          17 ,   13.000000000000000      ,   7.8620003057571081E-002
           1 ,          18 ,   14.000000000000000      ,   9.6095691983067083E-002
           1 ,          19 ,   14.000000000000000      ,   5.7548425848500596E-002
           1 ,          20 ,   15.000000000000000      ,   4.2812897928159538E-002
           1 ,          21 ,   16.000000000000000      ,   3.4156280257453764E-002
           1 ,          22 ,   17.000000000000000      ,   3.8441691230382678E-002
           1 ,          23 ,   18.000000000000000      ,   4.4522858023309533E-002
           1 ,          24 ,   18.000000000000000      ,   8.0623773922382042E-002
           1 ,          25 ,   19.000000000000000      ,   8.2322816960640588E-002
           1 ,          26 ,   20.000000000000000      ,   6.8859641291930646E-002
           1 ,          27 ,   21.000000000000000      ,   3.7247877155456931E-002
           1 ,          28 ,   21.000000000000000      ,   3.2169516416863927E-002
           1 ,          29 ,   22.000000000000000      ,   1.9674658038781628E-002
           1 ,          30 ,   23.000000000000000      ,   1.5106462689304819E-002
           1 ,          31 ,   24.000000000000000      ,   1.0256993141467911E-002
           1 ,          32 ,   24.000000000000000      ,   9.5525376955844267E-003
           1 ,          33 ,   25.000000000000000      ,   9.7996089816210375E-003
           1 ,          34 ,   26.000000000000000      ,   1.2674076142126879E-002
           1 ,          35 ,   27.000000000000000      ,   1.3318477455808594E-002
           1 ,          36 ,   27.000000000000000      ,   1.7258566965229725E-002
           1 ,          37 ,   28.000000000000000      ,   1.7879850224226126E-002
           1 ,          38 ,   29.000000000000000      ,   2.2490650529004307E-002
           1 ,          39 ,   30.000000000000000      ,   2.2346234504901214E-002
           1 ,          40 ,   30.000000000000000      ,   2.6588320307091788E-002
           1 ,          41 ,   31.000000000000000      ,   2.4802408038236676E-002
           1 ,          42 ,   32.000000000000000      ,   2.7491645290200865E-002
           1 ,          43 ,   33.000000000000000      ,   2.3927903720632353E-002
           1 ,          44 ,   34.000000000000000      ,   2.4789326995049085E-002
           1 ,          45 ,   34.000000000000000      ,   2.0357006851333986E-002
           1 ,          46 ,   35.000000000000000      ,   2.0052948643544261E-002
           1 ,          47 ,   36.000000000000000      ,   1.5837082723361779E-002
           1 ,          48 ,   37.000000000000000      ,   1.5130540316133737E-002
           1 ,          49 ,   37.000000000000000      ,   1.1696514614031449E-002
           1 ,          50 ,   38.000000000000000      ,   1.1005785314798115E-002
           1 ,          51 ,   39.000000000000000      ,   8.4259660489517663E-003
           1 ,          52 ,   40.000000000000000      ,   7.8774483890072279E-003
           1 ,          53 ,   40.000000000000000      ,   6.0076419202622945E-003
           1 ,          54 ,   41.000000000000000      ,   5.6021582306637844E-003
           1 ,          55 ,   42.000000000000000      ,   4.2658527513271954E-003
           1 ,          56 ,   43.000000000000000      ,   3.9736911825891605E-003
           1 ,          57 ,   43.000000000000000      ,   3.0238579982290528E-003
           1 ,          58 ,   44.000000000000000      ,   2.8154346957035784E-003
           1 ,          59 ,   45.000000000000000      ,   2.1418496936029159E-003
           1 ,          60 ,   46.000000000000000      ,   1.9938113281249819E-003
           1 ,          61 ,   46.000000000000000      ,   1.5166251665286665E-003
           1 ,          62 ,   47.000000000000000      ,   1.4116935738532378E-003
           1 ,          63 ,   48.000000000000000      ,   1.0737972337346371E-003
           1 ,          64 ,   49.000000000000000      ,   9.9949267903418591E-004
           1 ,          65 ,   50.000000000000000      ,   7.6026918473065877E-004
           1 ,          66 ,   50.000000000000000      ,   7.0767435813155928E-004
           1 ,          67 ,   51.000000000000000      ,   5.3831393283227530E-004
           1 ,          68 ,   52.000000000000000      ,   5.0109076778725309E-004
           1 ,          69 ,   53.000000000000000      ,   3.8118540724369973E-004
           1 ,          70 ,   53.000000000000000      ,   3.5484100764279422E-004
           1 ,          71 ,   54.000000000000000      ,   2.6994300247864395E-004
           1 ,          72 ,   55.000000000000000      ,   2.5129651940749773E-004
           1 ,          73 ,   56.000000000000000      ,   1.9118006352698141E-004
           1 ,          74 ,   56.000000000000000      ,   1.7798076865013779E-004
           1 ,          75 ,   57.000000000000000      ,   1.3540851823773056E-004
           1 ,          76 ,   58.000000000000000      ,   1.2606409406832123E-004
           1 ,          77 ,   59.000000000000000      ,   9.5913523958660735E-005
           1 ,          78 ,   59.000000000000000      ,   8.9297438947710112E-005
           1 ,          79 ,   60.000000000000000      ,   6.7942533364537955E-005
           1 ,          80 ,   61.000000000000000      ,   6.3257709304480325E-005
           1 ,          81 ,   62.000000000000000      ,   4.8131492399180326E-005
           1 ,          82 ,   62.000000000000000      ,   4.4813880613329971E-005
           1 ,          83 ,   63.000000000000000      ,   3.4098910597225862E-005
           1 ,          84 ,   64.000000000000000      ,   3.1749308523822128E-005
           1 ,          85 ,   65.000000000000000      ,   2.4158689380767567E-005
           1 ,          86 ,   66.000000000000000      ,   2.2494525116947828E-005
           1 ,          87 ,   66.000000000000000      ,   1.7116944529754069E-005
           1 ,          88 ,   67.000000000000000      ,   1.5938176960401257E-005
           1 ,          89 ,   68.000000000000000      ,   1.2128235899050432E-005
           1 ,          90 ,   69.000000000000000      ,   1.1293233715355122E-005
           1 ,          91 ,   69.000000000000000      ,   8.5938195141729845E-006
           1 ,          92 ,   70.000000000000000      ,   8.0022958210274053E-006
           1 ,          93 ,   71.000000000000000      ,   6.0896292255543938E-006
           1 ,          94 ,   72.000000000000000      ,   5.6705658334349485E-006
           1 ,          95 ,   72.000000000000000      ,   4.3152946975974493E-006
           1 ,          96 ,   73.000000000000000      ,   4.0183958294436051E-006
           1 ,          97 ,   74.000000000000000      ,   3.0580467536324429E-006
           1 ,          98 ,   75.000000000000000      ,   2.8476897364348996E-006
           1 ,          99 ,   75.000000000000000      ,   2.1671601027790921E-006
           1 ,         100 ,   76.000000000000000      ,   2.0181129416207977E-006
           1 ,         101 ,   77.000000000000000      ,   1.5358554037135652E-006
           1 ,         102 ,   78.000000000000000      ,   1.4302448298683657E-006
           1 ,         103 ,   79.000000000000000      ,   1.0884824616849698E-006
           1 ,         104 ,   79.000000000000000      ,   1.0136470816879406E-006
           1 ,         105 ,   80.000000000000000      ,   7.7144273222251591E-007
           1 ,         106 ,   81.000000000000000      ,   7.1841275706141516E-007
           1 ,         107 ,   82.000000000000000      ,   5.4675973868920091E-007
           1 ,         108 ,   82.000000000000000      ,   5.0918033835112286E-007
           1 ,         109 ,   83.000000000000000      ,   3.8752473223782613E-007
           1 ,         110 ,   84.000000000000000      ,   3.6089348893000861E-007
           1 ,         111 ,   85.000000000000000      ,   2.7467042758300142E-007
           1 ,         112 ,   85.000000000000000      ,   2.5579722954041650E-007
           1 ,         113 ,   86.000000000000000      ,   1.9468546217857319E-007
           1 ,         114 ,   87.000000000000000      ,   1.8130992245068978E-007
           1 ,         115 ,   88.000000000000000      ,   1.3799516802165401E-007
           1 ,         116 ,   88.000000000000000      ,   1.2851560669477347E-007
           1 ,         117 ,   89.000000000000000      ,   9.7814354435565853E-008
           1 ,         118 ,   90.000000000000000      ,   9.1095798994411670E-008
           1 ,         119 ,   91.000000000000000      ,   6.9334486658967354E-008
           1 ,         120 ,   91.000000000000000      ,   6.4572661669093367E-008
           1 ,         121 ,   92.000000000000000      ,   4.9147757627543420E-008
           1 ,         122 ,   93.000000000000000      ,   4.5772702243068730E-008
           1 ,         123 ,   94.000000000000000      ,   3.4838983243440369E-008
           1 ,         124 ,   94.000000000000000      ,   3.2446785053902305E-008
           1 ,         125 ,   95.000000000000000      ,   2.4696438966770318E-008
           1 ,         126 ,   96.000000000000000      ,   2.3000842362674856E-008
           1 ,         127 ,   97.000000000000000      ,   1.7506930953536948E-008
           1 ,         128 ,   98.000000000000000      ,   1.6305065991817358E-008
           1 ,         129 ,   98.000000000000000      ,   1.2410586693739623E-008
           1 ,         130 ,   99.000000000000000      ,   1.1558667661892841E-008
           1 ,         131 ,   100.00000000000000      ,   8.7979370733126672E-009
           1 ,         132 ,   101.00000000000000      ,   8.1940624251097827E-009
           1 ,         133 ,   101.00000000000000      ,   6.2369986605914640E-009
           1 ,         134 ,   102.00000000000000      ,   5.8089401067107360E-009
           1 ,         135 ,   103.00000000000000      ,   4.4215680804204904E-009
           1 ,         136 ,   104.00000000000000      ,   4.1181315406368935E-009
           1 ,         137 ,   104.00000000000000      ,   3.1346034309875925E-009
           1 ,         138 ,   105.00000000000000      ,   2.9195034931261965E-009
           1 ,         139 ,   106.00000000000000      ,   2.2222569687202487E-009
           1 ,         140 ,   107.00000000000000      ,   2.0697767909305664E-009
           1 ,         141 ,   107.00000000000000      ,   1.5754763812991790E-009
           1 ,         142 ,   108.00000000000000      ,   1.4673820700195073E-009
           1 ,         143 ,   109.00000000000000      ,   1.1169504279817666E-009
           1 ,         144 ,   110.00000000000000      ,   1.0403232962585829E-009
           1 ,         145 ,   110.00000000000000      ,   7.9188516854955537E-010
           1 ,         146 ,   111.00000000000000      ,   7.3756072777042547E-010
           1 ,         147 ,   112.00000000000000      ,   5.6142718946050607E-010
           1 ,         148 ,   113.00000000000000      ,   5.2291580093788426E-010
           1 ,         149 ,   114.00000000000000      ,   3.9804284174271842E-010
           1 ,         150 ,   114.00000000000000      ,   3.7074110795232151E-010
           1 ,         151 ,   115.00000000000000      ,   2.8220914494170302E-010
           1 ,         152 ,   116.00000000000000      ,   2.6285463042285961E-010
           1 ,         153 ,   117.00000000000000      ,   2.0008782131153424E-010
           1 ,         154 ,   117.00000000000000      ,   1.8636492002399585E-010
           1 ,         155 ,   118.00000000000000      ,   1.4186299357454857E-010
           1 ,         156 ,   119.00000000000000      ,   1.3213460534067245E-010
           1 ,         157 ,   120.00000000000000      ,   1.0058268107293600E-010
           1 ,         158 ,   120.00000000000000      ,   9.3685621760375426E-011
           1 ,         159 ,   121.00000000000000      ,   7.1315175986796930E-011
           1 ,         160 ,   122.00000000000000      ,   6.6425028671934783E-011
           1 ,         161 ,   123.00000000000000      ,   5.0564011311315937E-011
           1 ,         162 ,   123.00000000000000      ,   4.7097117872318961E-011
           1 ,         163 ,   124.00000000000000      ,   3.5852373153621997E-011
           1 ,         164 ,   125.00000000000000      ,   3.3395061022067907E-011
           1 ,         165 ,   126.00000000000000      ,   2.5421106192302645E-011
           1 ,         166 ,   127.00000000000000      ,   2.3677965838020398E-011
           1 ,         167 ,   127.00000000000000      ,   1.8024422232532089E-011
           1 ,         168 ,   128.00000000000000      ,   1.6788875845108464E-011
           1 ,         169 ,   129.00000000000000      ,   1.2779832747611408E-011
           1 ,         170 ,   130.00000000000000      ,   1.1903637797683331E-011
           1 ,         171 ,   130.00000000000000      ,   9.0615431824758730E-012
           1 ,         172 ,   131.00000000000000      ,   8.4406925893176776E-012
           1 ,         173 ,   132.00000000000000      ,   6.4250896270046098E-012
           1 ,         174 ,   133.00000000000000      ,   5.9842755750771914E-012
           1 ,         175 ,   133.00000000000000      ,   4.5555330341340294E-012
           1 ,         176 ,   134.00000000000000      ,   4.2439732284016429E-012
           1 ,         177 ,   135.00000000000000      ,   3.2307073682957821E-012
           1 ,         178 ,   136.00000000000000      ,   3.0099221726143099E-012
           1 ,         179 ,   136.00000000000000      ,   2.2917813480294313E-012
           1 ,         180 ,   137.00000000000000      ,   2.1345182565912779E-012
           1 ,         181 ,   138.00000000000000      ,   1.6240862821259583E-012
           1 ,         182 ,   139.00000000000000      ,   1.1388806564482934E-013
           1 ,         183 ,   139.00000000000000      ,   1.3258491526890737E-013
           1 ,         184 ,   140.00000000000000      ,   1.1481787742795291E-013
           1 ,         185 ,   141.00000000000000      ,   1.3222756223285614E-013
           1 ,         186 ,   142.00000000000000      ,   1.1381867670579027E-013
           1 ,         187 ,   142.00000000000000      ,   1.3301165724399766E-013
           1 ,         188 ,   143.00000000000000      ,   1.1458889392912397E-013
           1 ,         189 ,   144.00000000000000      ,   1.3192225090108423E-013
           1 ,         190 ,   145.00000000000000      ,   1.1447787162666145E-013
           1 ,         191 ,   146.00000000000000      ,   1.3205408988525846E-013
           1 ,         192 ,   146.00000000000000      ,   1.1363479601733673E-013
           1 ,         193 ,   147.00000000000000      ,   1.3231082895970303E-013
           1 ,         194 ,   148.00000000000000      ,   1.1477277461757751E-013
           1 ,         195 ,   149.00000000000000      ,   1.3188755643156469E-013
           1 ,         196 ,   149.00000000000000      ,   1.1415521306012977E-013
           1 ,         197 ,   150.00000000000000      ,   1.3303594337266134E-013
           1 ,         198 ,   151.00000000000000      ,   1.1404419075766725E-013
           1 ,         199 ,   152.00000000000000      ,   1.3157183675893691E-013
           1 ,         200 ,   152.00000000000000      ,   1.1455419945960443E-013
           1 ,         201 ,   153.00000000000000      ,   1.3184939251509320E-013
           1 ,         202 ,   154.00000000000000      ,   1.1442929936933410E-013
           1 ,         203 ,   155.00000000000000      ,   1.3234205398227061E-013
           1 ,         204 ,   155.00000000000000      ,   1.1498441088164668E-013
           1 ,         205 ,   156.00000000000000      ,   1.3126305598021304E-013
           1 ,         206 ,   157.00000000000000      ,   1.1423501034002470E-013
           1 ,         207 ,   158.00000000000000      ,   1.3172796187177482E-013
           1 ,         208 ,   159.00000000000000      ,   1.1374928776675119E-013
           1 ,         209 ,   159.00000000000000      ,   1.3177306468215022E-013
           1 ,         210 ,   160.00000000000000      ,   1.1405459909852311E-013
           1 ,         211 ,   161.00000000000000      ,   1.3140183385829118E-013
           1 ,         212 ,   162.00000000000000      ,   1.1504686092678185E-013
           1 ,         213 ,   162.00000000000000      ,   1.3146775335037830E-013
           1 ,         214 ,   163.00000000000000      ,   1.1444664660409387E-013
           1 ,         215 ,   164.00000000000000      ,   1.3187714809070883E-013
           1 ,         216 ,   165.00000000000000      ,   1.1412745748451414E-013
           1 ,         217 ,   165.00000000000000      ,   1.3179041191690999E-013
           1 ,         218 ,   166.00000000000000      ,   1.1489420526089589E-013
           1 ,         219 ,   167.00000000000000      ,   1.3185286196204515E-013
           1 ,         220 ,   168.00000000000000      ,   1.1415174361317781E-013
           1 ,         221 ,   168.00000000000000      ,   1.3129081155582867E-013
           1 ,         222 ,   169.00000000000000      ,   1.1421766310526493E-013
