           5 ,           2 ,   2.0000000000000000      ,  0.60846012045947628     
           5 ,           3 ,   2.0000000000000000      ,  0.38344250360553744     
           5 ,           4 ,   3.0000000000000000      ,  0.28337869565394974     
           5 ,           5 ,   3.0000000000000000      ,  0.17809706351175097     
           5 ,           6 ,   4.0000000000000000      ,  0.17073258700632366     
           5 ,           7 ,   4.0000000000000000      ,  0.16073858901436325     
           5 ,           8 ,   5.0000000000000000      ,   9.8431549657599371E-002
           5 ,           9 ,   6.0000000000000000      ,   7.8827440984601024E-002
           5 ,          10 ,   6.0000000000000000      ,   8.4528897710803672E-002
           5 ,          11 ,   7.0000000000000000      ,   6.4646584162766141E-002
           5 ,          12 ,   7.0000000000000000      ,   8.7619930590870282E-002
           5 ,          13 ,   8.0000000000000000      ,   5.2221247471754960E-002
           5 ,          14 ,   8.0000000000000000      ,   8.4054739954130223E-002
           5 ,          15 ,   9.0000000000000000      ,   4.8938409044381320E-002
           5 ,          16 ,   10.000000000000000      ,   5.5774733868537769E-002
           5 ,          17 ,   10.000000000000000      ,   2.8764742303858053E-002
           5 ,          18 ,   11.000000000000000      ,   2.9241800705894463E-002
           5 ,          19 ,   11.000000000000000      ,   2.0326683933341961E-002
           5 ,          20 ,   12.000000000000000      ,   2.3030630757782049E-002
           5 ,          21 ,   12.000000000000000      ,   1.8133147325725529E-002
           5 ,          22 ,   13.000000000000000      ,   2.5252602172058915E-002
           5 ,          23 ,   14.000000000000000      ,   2.3921410156171011E-002
           5 ,          24 ,   14.000000000000000      ,   3.2148158364028921E-002
           5 ,          25 ,   15.000000000000000      ,   2.5369053835999786E-002
           5 ,          26 ,   15.000000000000000      ,   2.5791923272405808E-002
           5 ,          27 ,   16.000000000000000      ,   1.5225753933049559E-002
           5 ,          28 ,   16.000000000000000      ,   1.3655319253428663E-002
           5 ,          29 ,   17.000000000000000      ,   9.2862369898334789E-003
           5 ,          30 ,   18.000000000000000      ,   8.5342392674151706E-003
           5 ,          31 ,   18.000000000000000      ,   5.2834137478308197E-003
           5 ,          32 ,   19.000000000000000      ,   4.6458361887311856E-003
           5 ,          33 ,   19.000000000000000      ,   2.8151405608498512E-003
           5 ,          34 ,   20.000000000000000      ,   2.4467050641580560E-003
           5 ,          35 ,   20.000000000000000      ,   1.4735296360233728E-003
           5 ,          36 ,   21.000000000000000      ,   1.2761993933506277E-003
           5 ,          37 ,   22.000000000000000      ,   7.6718332594579147E-004
           5 ,          38 ,   22.000000000000000      ,   6.6374376555294011E-004
           5 ,          39 ,   23.000000000000000      ,   4.2110394676207752E-004
           5 ,          40 ,   23.000000000000000      ,   3.9129370007891587E-004
           5 ,          41 ,   24.000000000000000      ,   2.4965828557794306E-004
           5 ,          42 ,   24.000000000000000      ,   2.3202084895239221E-004
           5 ,          43 ,   25.000000000000000      ,   1.4805864599154450E-004
           5 ,          44 ,   26.000000000000000      ,   1.3761105165398420E-004
           5 ,          45 ,   26.000000000000000      ,   8.7822256932615361E-005
           5 ,          46 ,   27.000000000000000      ,   8.1630675814284813E-005
           5 ,          47 ,   27.000000000000000      ,   5.2100417278305028E-005
           5 ,          48 ,   28.000000000000000      ,   4.8430108530166105E-005
           5 ,          49 ,   29.000000000000000      ,   3.0912584199203896E-005
           5 ,          50 ,   29.000000000000000      ,   2.8736432865050787E-005
           5 ,          51 ,   30.000000000000000      ,   1.8343479793497125E-005
           5 ,          52 ,   30.000000000000000      ,   1.7053011468445498E-005
           5 ,          53 ,   31.000000000000000      ,   1.0886208294882960E-005
           5 ,          54 ,   31.000000000000000      ,   1.0120842244117946E-005
           5 ,          55 ,   32.000000000000000      ,   6.4612579219990030E-006
           5 ,          56 ,   33.000000000000000      ,   6.0072652097549126E-006
           5 ,          57 ,   33.000000000000000      ,   3.8353113625752555E-006
           5 ,          58 ,   34.000000000000000      ,   3.5659830195941891E-006
           5 ,          59 ,   34.000000000000000      ,   2.2768021208721678E-006
           5 ,          60 ,   35.000000000000000      ,   2.1170063304112863E-006
           5 ,          61 ,   35.000000000000000      ,   1.3517281601746478E-006
           5 ,          62 ,   36.000000000000000      ,   1.2569090229687038E-006
           5 ,          63 ,   37.000000000000000      ,   8.0258562781473919E-007
           5 ,          64 ,   37.000000000000000      ,   7.4631627973269221E-007
           5 ,          65 ,   38.000000000000000      ,   4.7657365070605251E-007
           5 ,          66 ,   38.000000000000000      ,   4.4317790246460598E-007
           5 ,          67 ,   39.000000000000000      ,   2.8301151968820881E-007
           5 ,          68 ,   39.000000000000000      ,   2.6318929533756391E-007
           5 ,          69 ,   40.000000000000000      ,   1.6807863955498048E-007
           5 ,          70 ,   40.000000000000000      ,   1.5631195623283523E-007
           5 ,          71 ,   41.000000000000000      ,   9.9828423236192343E-008
           5 ,          72 ,   41.000000000000000      ,   9.2842959010033810E-008
           5 ,          73 ,   42.000000000000000      ,   5.9296375296002957E-008
           5 ,          74 ,   42.000000000000000      ,   5.5148987319550424E-008
           5 ,          75 ,   43.000000000000000      ,   3.5223561411362736E-008
           5 ,          76 ,   43.000000000000000      ,   3.2760978113492711E-008
           5 ,          77 ,   44.000000000000000      ,   2.0925155462536704E-008
           5 ,          78 ,   44.000000000000000      ,   1.9462828700252122E-008
           5 ,          79 ,   45.000000000000000      ,   1.2431780785360225E-008
           5 ,          80 ,   46.000000000000000      ,   1.1563355659278962E-008
           5 ,          81 ,   46.000000000000000      ,   7.3862916338818252E-009
           5 ,          82 ,   47.000000000000000      ,   6.8705165584548311E-009
           5 ,          83 ,   47.000000000000000      ,   4.3888090904553589E-009
           5 ,          84 ,   48.000000000000000      ,   4.0824602457259496E-009
           5 ,          85 ,   48.000000000000000      ,   2.6079149152702374E-009
           5 ,          86 ,   49.000000000000000      ,   2.4259427114717291E-009
           5 ,          87 ,   49.000000000000000      ,   1.5497639629935556E-009
           5 ,          88 ,   50.000000000000000      ,   1.4416646982109982E-009
           5 ,          89 ,   50.000000000000000      ,   9.2100690615715131E-010
           5 ,          90 ,   51.000000000000000      ,   8.5678756797658018E-010
           5 ,          91 ,   51.000000000000000      ,   5.4737306354191162E-010
           5 ,          92 ,   52.000000000000000      ,   5.0921888320593078E-010
           5 ,          93 ,   52.000000000000000      ,   3.2533312849247764E-010
           5 ,          94 ,   53.000000000000000      ,   3.0266354006380780E-010
           5 ,          95 ,   53.000000000000000      ,   1.9337265816377069E-010
           5 ,          96 ,   54.000000000000000      ,   1.7990206720164270E-010
           5 ,          97 ,   55.000000000000000      ,   1.1494328058803127E-010
           5 ,          98 ,   55.000000000000000      ,   1.0693933846089854E-010
           5 ,          99 ,   56.000000000000000      ,   6.8327177249472015E-011
           5 ,         100 ,   56.000000000000000      ,   6.3570809206991985E-011
           5 ,         101 ,   57.000000000000000      ,   4.0618321206498109E-011
           5 ,         102 ,   57.000000000000000      ,   3.7791879001214390E-011
           5 ,         103 ,   58.000000000000000      ,   2.4146209337549962E-011
           5 ,         104 ,   58.000000000000000      ,   2.2466814866839435E-011
           5 ,         105 ,   59.000000000000000      ,   1.4355180238956322E-011
           5 ,         106 ,   59.000000000000000      ,   1.3357108821776542E-011
           5 ,         107 ,   60.000000000000000      ,   8.5272899852384398E-012
           5 ,         108 ,   60.000000000000000      ,   7.9329199459410304E-012
           5 ,         109 ,   61.000000000000000      ,   5.0629778147737170E-012
           5 ,         110 ,   61.000000000000000      ,   4.7105938941194303E-012
           5 ,         111 ,   62.000000000000000      ,   3.0057657751658695E-012
           5 ,         112 ,   62.000000000000000      ,   2.7964297544258443E-012
           5 ,         113 ,   63.000000000000000      ,   1.7845967759111403E-012
           5 ,         114 ,   64.000000000000000      ,   1.6611954867240541E-012
           5 ,         115 ,   64.000000000000000      ,   1.0590382737429849E-012
           5 ,         116 ,   65.000000000000000      ,   9.7772137608309606E-013
           5 ,         117 ,   65.000000000000000      ,   6.2390717592286649E-013
           5 ,         118 ,   66.000000000000000      ,   5.7613983028836913E-013
           5 ,         119 ,   66.000000000000000      ,   3.6409070203191618E-013
           5 ,         120 ,   67.000000000000000      ,   3.3568460511279596E-013
           5 ,         121 ,   67.000000000000000      ,   2.0675822165472368E-013
           5 ,         122 ,   68.000000000000000      ,   1.9109627075186708E-013
           5 ,         123 ,   68.000000000000000      ,   1.1887366091478668E-013
           5 ,         124 ,   69.000000000000000      ,   1.0948880690975216E-013
           5 ,         125 ,   69.000000000000000      ,   6.6856242764146145E-014
           5 ,         126 ,   70.000000000000000      ,   6.2571475778483432E-014
           5 ,         127 ,   70.000000000000000      ,   3.8805764157601175E-014
           5 ,         128 ,   71.000000000000000      ,   3.3154035072868737E-014
           5 ,         129 ,   71.000000000000000      ,   2.2294666113253925E-014
           5 ,         130 ,   72.000000000000000      ,   1.0276501871686605E-014
           5 ,         131 ,   72.000000000000000      ,   2.7217811338076103E-015
           5 ,         132 ,   73.000000000000000      ,   4.6013540200284808E-015
           5 ,         133 ,   74.000000000000000      ,   3.0479091472912501E-015
           5 ,         134 ,   74.000000000000000      ,   4.0358341668600417E-015
           5 ,         135 ,   75.000000000000000      ,   2.9134680779030475E-015
           5 ,         136 ,   75.000000000000000      ,   3.8189937323629408E-015
           5 ,         137 ,   76.000000000000000      ,   2.7347915598774364E-015
           5 ,         138 ,   76.000000000000000      ,   4.0635897424756706E-015
           5 ,         139 ,   77.000000000000000      ,   2.7859659024187522E-015
           5 ,         140 ,   77.000000000000000      ,   3.0860730637627398E-015
           5 ,         141 ,   78.000000000000000      ,   2.9559688030644793E-015
           5 ,         142 ,   78.000000000000000      ,   2.4728483150049385E-015
           5 ,         143 ,   79.000000000000000      ,   3.0635216585750413E-015
           5 ,         144 ,   79.000000000000000      ,   3.2222488566269192E-015
           5 ,         145 ,   80.000000000000000      ,   2.9299479509248272E-015
           5 ,         146 ,   80.000000000000000      ,   4.8433479449272454E-015
           5 ,         147 ,   81.000000000000000      ,   3.2673516670023162E-015
           5 ,         148 ,   81.000000000000000      ,   2.8926513961913258E-015
           5 ,         149 ,   82.000000000000000      ,   2.8354055214840912E-015
           5 ,         150 ,   83.000000000000000      ,   2.8518853945058709E-015
           5 ,         151 ,   83.000000000000000      ,   2.8900493109773606E-015
           5 ,         152 ,   84.000000000000000      ,   4.3715031594615539E-015
           5 ,         153 ,   84.000000000000000      ,   2.5882074261573962E-015
           5 ,         154 ,   85.000000000000000      ,   4.3966566498632176E-015
           5 ,         155 ,   85.000000000000000      ,   2.4017246524898894E-015
           5 ,         156 ,   86.000000000000000      ,   1.7425297316187027E-015
           5 ,         157 ,   86.000000000000000      ,   2.7217811338076103E-015
           5 ,         158 ,   87.000000000000000      ,   3.6880221099266919E-015
           5 ,         159 ,   87.000000000000000      ,   2.9403562917806880E-015
           5 ,         160 ,   88.000000000000000      ,   3.7105735151143904E-015
           5 ,         161 ,   88.000000000000000      ,   2.4841240175987878E-015
           5 ,         162 ,   89.000000000000000      ,   3.4486302702418925E-015
           5 ,         163 ,   89.000000000000000      ,   2.7859659024187522E-015
           5 ,         164 ,   90.000000000000000      ,   4.2656850274269686E-015
           5 ,         165 ,   90.000000000000000      ,   2.8336707980081144E-015
           5 ,         166 ,   91.000000000000000      ,   4.5284956340374549E-015
           5 ,         167 ,   92.000000000000000      ,   2.9637750587063749E-015
           5 ,         168 ,   92.000000000000000      ,   2.3843774177301214E-015
           5 ,         169 ,   93.000000000000000      ,   2.9976021664879227E-015
           5 ,         170 ,   93.000000000000000      ,   2.5899421496333730E-015
           5 ,         171 ,   94.000000000000000      ,   2.8674979057896621E-015
           5 ,         172 ,   94.000000000000000      ,   4.3350739664660409E-015
           5 ,         173 ,   95.000000000000000      ,   3.0730626376929138E-015
           5 ,         174 ,   95.000000000000000      ,   3.4902636336653359E-015
           5 ,         175 ,   96.000000000000000      ,   2.9334173978767808E-015
           5 ,         176 ,   96.000000000000000      ,   4.6022213817664692E-015
           5 ,         177 ,   97.000000000000000      ,   3.2630148583123741E-015
           5 ,         178 ,   97.000000000000000      ,   3.6585318108350862E-015
           5 ,         179 ,   98.000000000000000      ,   2.8041804989165087E-015
           5 ,         180 ,   98.000000000000000      ,   4.9396250978439582E-015
           5 ,         181 ,   99.000000000000000      ,   2.8449465006019636E-015
           5 ,         182 ,   99.000000000000000      ,   3.4234767798402288E-015
           5 ,         183 ,   100.00000000000000      ,   2.6853519408120974E-015
           5 ,         184 ,   101.00000000000000      ,   5.5381046970559566E-015
           5 ,         185 ,   101.00000000000000      ,   3.0826036168107862E-015
           5 ,         186 ,   102.00000000000000      ,   3.3983232894385651E-015
