           3 ,           2 ,   2.0000000000000000      ,  0.60846012045947906     
           3 ,           3 ,   2.0000000000000000      ,  0.38344250360552878     
           3 ,           4 ,   3.0000000000000000      ,  0.28337869565395896     
           3 ,           5 ,   3.0000000000000000      ,  0.17809706351177659     
           3 ,           6 ,   4.0000000000000000      ,  0.17073258700629235     
           3 ,           7 ,   5.0000000000000000      ,  0.16073858901431753     
           3 ,           8 ,   5.0000000000000000      ,   9.8431549657553019E-002
           3 ,           9 ,   6.0000000000000000      ,   7.8827440984600872E-002
           3 ,          10 ,   6.0000000000000000      ,   8.4528897710785131E-002
           3 ,          11 ,   7.0000000000000000      ,   6.4646584162770387E-002
           3 ,          12 ,   7.0000000000000000      ,   8.7619930590946749E-002
           3 ,          13 ,   8.0000000000000000      ,   5.2221247471858807E-002
           3 ,          14 ,   8.0000000000000000      ,   8.4054739954104202E-002
           3 ,          15 ,   9.0000000000000000      ,   4.8938409044388294E-002
           3 ,          16 ,   9.0000000000000000      ,   5.5774733868630792E-002
           3 ,          17 ,   10.000000000000000      ,   2.8764742303720617E-002
           3 ,          18 ,   10.000000000000000      ,   2.9241800705844079E-002
           3 ,          19 ,   11.000000000000000      ,   2.0326683933341364E-002
           3 ,          20 ,   11.000000000000000      ,   2.3030630757757499E-002
           3 ,          21 ,   12.000000000000000      ,   1.8133147325695393E-002
           3 ,          22 ,   12.000000000000000      ,   2.5252602171972383E-002
           3 ,          23 ,   13.000000000000000      ,   2.3921410156097948E-002
           3 ,          24 ,   14.000000000000000      ,   3.2148158363939007E-002
           3 ,          25 ,   14.000000000000000      ,   2.5369053835984583E-002
           3 ,          26 ,   15.000000000000000      ,   2.5791923272421129E-002
           3 ,          27 ,   15.000000000000000      ,   1.5225753933086193E-002
           3 ,          28 ,   16.000000000000000      ,   1.3655319253488193E-002
           3 ,          29 ,   16.000000000000000      ,   9.2862369898979447E-003
           3 ,          30 ,   17.000000000000000      ,   8.5342392674542279E-003
           3 ,          31 ,   17.000000000000000      ,   5.2834137478399252E-003
           3 ,          32 ,   18.000000000000000      ,   4.6458361887200643E-003
           3 ,          33 ,   18.000000000000000      ,   2.8151405608468857E-003
           3 ,          34 ,   19.000000000000000      ,   2.4467050641392820E-003
           3 ,          35 ,   19.000000000000000      ,   1.4735296360105198E-003
           3 ,          36 ,   20.000000000000000      ,   1.2761993933410416E-003
           3 ,          37 ,   20.000000000000000      ,   7.6718332593993851E-004
           3 ,          38 ,   21.000000000000000      ,   6.6374376554633342E-004
           3 ,          39 ,   21.000000000000000      ,   4.2110394674206922E-004
           3 ,          40 ,   22.000000000000000      ,   3.9129370005755882E-004
           3 ,          41 ,   23.000000000000000      ,   2.4965828556311465E-004
           3 ,          42 ,   23.000000000000000      ,   2.3202084893691414E-004
           3 ,          43 ,   24.000000000000000      ,   1.4805864598000512E-004
           3 ,          44 ,   24.000000000000000      ,   1.3761105164039437E-004
           3 ,          45 ,   25.000000000000000      ,   8.7822256923358877E-005
           3 ,          46 ,   25.000000000000000      ,   8.1630675806655499E-005
           3 ,          47 ,   26.000000000000000      ,   5.2100417275137423E-005
           3 ,          48 ,   26.000000000000000      ,   4.8430108528946594E-005
           3 ,          49 ,   27.000000000000000      ,   3.0912584198666132E-005
           3 ,          50 ,   27.000000000000000      ,   2.8736432869429229E-005
           3 ,          51 ,   28.000000000000000      ,   1.8343479796088802E-005
           3 ,          52 ,   28.000000000000000      ,   1.7053011473882121E-005
           3 ,          53 ,   29.000000000000000      ,   1.0886208297960359E-005
           3 ,          54 ,   29.000000000000000      ,   1.0120842249264871E-005
           3 ,          55 ,   30.000000000000000      ,   6.4612579204308129E-006
           3 ,          56 ,   30.000000000000000      ,   6.0072652095085818E-006
           3 ,          57 ,   31.000000000000000      ,   3.8353113582557941E-006
           3 ,          58 ,   32.000000000000000      ,   3.5659830169391948E-006
           3 ,          59 ,   32.000000000000000      ,   2.2768021187558052E-006
           3 ,          60 ,   33.000000000000000      ,   2.1170063302846515E-006
           3 ,          61 ,   33.000000000000000      ,   1.3517281606326148E-006
           3 ,          62 ,   34.000000000000000      ,   1.2569090228247218E-006
           3 ,          63 ,   34.000000000000000      ,   8.0258562577817383E-007
           3 ,          64 ,   35.000000000000000      ,   7.4631627771347409E-007
           3 ,          65 ,   35.000000000000000      ,   4.7657364805539504E-007
           3 ,          66 ,   36.000000000000000      ,   4.4317789975410055E-007
           3 ,          67 ,   36.000000000000000      ,   2.8301151759266285E-007
           3 ,          68 ,   37.000000000000000      ,   2.6318929320385404E-007
           3 ,          69 ,   37.000000000000000      ,   1.6807863813944612E-007
           3 ,          70 ,   38.000000000000000      ,   1.5631195369320006E-007
           3 ,          71 ,   38.000000000000000      ,   9.9828422524955718E-008
           3 ,          72 ,   39.000000000000000      ,   9.2842958493086214E-008
           3 ,          73 ,   39.000000000000000      ,   5.9296376593576117E-008
           3 ,          74 ,   40.000000000000000      ,   5.5148988641409713E-008
           3 ,          75 ,   40.000000000000000      ,   3.5223570615805500E-008
           3 ,          76 ,   41.000000000000000      ,   3.2760985004681720E-008
           3 ,          77 ,   42.000000000000000      ,   2.0925165673119084E-008
           3 ,          78 ,   42.000000000000000      ,   1.9462839463343928E-008
           3 ,          79 ,   43.000000000000000      ,   1.2431792616174331E-008
           3 ,          80 ,   43.000000000000000      ,   1.1563367688718906E-008
           3 ,          81 ,   44.000000000000000      ,   7.3863015044584035E-009
           3 ,          82 ,   45.000000000000000      ,   6.8705327434248620E-009
           3 ,          83 ,   45.000000000000000      ,   4.3888205084052778E-009
           3 ,          84 ,   46.000000000000000      ,   4.0824758617066803E-009
           3 ,          85 ,   46.000000000000000      ,   2.6079245291077413E-009
           3 ,          86 ,   47.000000000000000      ,   2.4259553125030586E-009
           3 ,          87 ,   47.000000000000000      ,   1.5497733062141972E-009
           3 ,          88 ,   48.000000000000000      ,   1.4416754647722518E-009
           3 ,          89 ,   49.000000000000000      ,   9.2101359872032162E-010
           3 ,          90 ,   49.000000000000000      ,   8.5679412523131937E-010
           3 ,          91 ,   50.000000000000000      ,   5.4737812893446147E-010
           3 ,          92 ,   50.000000000000000      ,   5.0922354267318726E-010
           3 ,          93 ,   51.000000000000000      ,   3.2533560220815438E-010
           3 ,          94 ,   51.000000000000000      ,   3.0266581515364654E-010
           3 ,          95 ,   52.000000000000000      ,   1.9337430268162592E-010
           3 ,          96 ,   53.000000000000000      ,   1.7990345498042348E-010
           3 ,          97 ,   53.000000000000000      ,   1.1494477591966756E-010
           3 ,          98 ,   54.000000000000000      ,   1.0693974872300060E-010
           3 ,          99 ,   54.000000000000000      ,   6.8327218882835439E-011
           3 ,         100 ,   55.000000000000000      ,   6.3570273177437908E-011
           3 ,         101 ,   55.000000000000000      ,   4.0618796520730527E-011
           3 ,         102 ,   56.000000000000000      ,   3.7791839969936181E-011
           3 ,         103 ,   57.000000000000000      ,   2.4147298743892875E-011
           3 ,         104 ,   57.000000000000000      ,   2.2467324875541372E-011
           3 ,         105 ,   58.000000000000000      ,   1.4356110050739446E-011
           3 ,         106 ,   58.000000000000000      ,   1.3356868562575119E-011
           3 ,         107 ,   59.000000000000000      ,   8.5348464406997948E-012
           3 ,         108 ,   59.000000000000000      ,   7.9417626988598222E-012
           3 ,         109 ,   60.000000000000000      ,   5.0748016899859749E-012
           3 ,         110 ,   61.000000000000000      ,   4.7217160736856556E-012
           3 ,         111 ,   61.000000000000000      ,   3.0177874088543888E-012
           3 ,         112 ,   62.000000000000000      ,   2.8077653049796147E-012
           3 ,         113 ,   62.000000000000000      ,   1.7940787744308295E-012
           3 ,         114 ,   63.000000000000000      ,   1.6693296051029094E-012
           3 ,         115 ,   63.000000000000000      ,   1.0675280104344154E-012
           3 ,         116 ,   64.000000000000000      ,   9.9359062644133189E-013
           3 ,         117 ,   65.000000000000000      ,   6.3423918894578435E-013
           3 ,         118 ,   65.000000000000000      ,   5.9064645535622518E-013
           3 ,         119 ,   66.000000000000000      ,   9.1007930358433242E-016
           3 ,         120 ,   66.000000000000000      ,   9.7616359440166889E-014
           3 ,         121 ,   67.000000000000000      ,   9.9746599868666408E-016
           3 ,         122 ,   68.000000000000000      ,   4.8389244000635045E-014
           3 ,         123 ,   68.000000000000000      ,   8.5695339713254270E-016
           3 ,         124 ,   69.000000000000000      ,   2.4292200195841218E-014
           3 ,         125 ,   69.000000000000000      ,   1.0165479569224090E-015
           3 ,         126 ,   70.000000000000000      ,   1.2584551456473747E-014
           3 ,         127 ,   70.000000000000000      ,   6.5529179305023888E-016
           3 ,         128 ,   71.000000000000000      ,   5.6048915508810637E-015
           3 ,         129 ,   72.000000000000000      ,   4.0766001685454967E-016
           3 ,         130 ,   72.000000000000000      ,   2.8076499458684623E-015
           3 ,         131 ,   73.000000000000000      ,   5.8525233270767529E-016
           3 ,         132 ,   73.000000000000000      ,   1.1969591984239969E-015
           3 ,         133 ,   74.000000000000000      ,   9.5518211395972941E-016
           3 ,         134 ,   74.000000000000000      ,   1.6271706204662451E-015
           3 ,         135 ,   75.000000000000000      ,   1.6479873021779667E-015
           3 ,         136 ,   76.000000000000000      ,   7.9710543721134286E-016
           3 ,         137 ,   76.000000000000000      ,   7.7715611723760958E-016
           3 ,         138 ,   77.000000000000000      ,   1.6280379822042335E-015
           3 ,         139 ,   77.000000000000000      ,   4.5796699765787707E-016
           3 ,         140 ,   78.000000000000000      ,   6.6179700608515191E-016
           3 ,         141 ,   78.000000000000000      ,   1.4190038033490282E-015
           3 ,         142 ,   79.000000000000000      ,   5.3602955407683339E-016
           3 ,         143 ,   80.000000000000000      ,   1.1136924715771102E-015
           3 ,         144 ,   80.000000000000000      ,   8.2572837456496018E-016
           3 ,         145 ,   81.000000000000000      ,   1.0998146837692957E-015
           3 ,         146 ,   81.000000000000000      ,   8.4134088584875144E-016
           3 ,         147 ,   82.000000000000000      ,   1.3114509478384662E-015
           3 ,         148 ,   82.000000000000000      ,   5.5684623578855508E-016
           3 ,         149 ,   83.000000000000000      ,   1.0165479569224090E-015
           3 ,         150 ,   84.000000000000000      ,   6.3143934525555778E-016
           3 ,         151 ,   84.000000000000000      ,   1.4016565685892601E-015
           3 ,         152 ,   85.000000000000000      ,   7.6414569116778353E-016
           3 ,         153 ,   85.000000000000000      ,   6.0021432268797525E-016
           3 ,         154 ,   86.000000000000000      ,   6.0888794006785929E-016
           3 ,         155 ,   87.000000000000000      ,   5.1608023410310011E-016
           3 ,         156 ,   87.000000000000000      ,   8.0144224590128488E-016
           3 ,         157 ,   88.000000000000000      ,   3.0531133177191805E-016
           3 ,         158 ,   88.000000000000000      ,   1.0096090630185017E-015
           3 ,         159 ,   89.000000000000000      ,   2.4633073358870661E-015
           3 ,         160 ,   89.000000000000000      ,   1.0130785099704553E-015
           3 ,         161 ,   90.000000000000000      ,   1.0963452368173421E-015
           3 ,         162 ,   91.000000000000000      ,   1.2533377113932431E-015
           3 ,         163 ,   91.000000000000000      ,   7.7715611723760958E-016
           3 ,         164 ,   92.000000000000000      ,   7.0082828429463007E-016
           3 ,         165 ,   92.000000000000000      ,   5.5511151231257827E-016
           3 ,         166 ,   93.000000000000000      ,   1.4354836763708079E-015
           3 ,         167 ,   93.000000000000000      ,   1.9220736113823023E-015
           3 ,         168 ,   94.000000000000000      ,   5.9240806704607962E-016
           3 ,         169 ,   95.000000000000000      ,   6.8261368779687359E-016
           3 ,         170 ,   95.000000000000000      ,   4.6924270025172632E-016
           3 ,         171 ,   96.000000000000000      ,   4.0245584642661925E-016
           3 ,         172 ,   96.000000000000000      ,   5.7506083228631155E-016
           3 ,         173 ,   97.000000000000000      ,   4.0072112295064244E-016
           3 ,         174 ,   97.000000000000000      ,   6.4358240958739543E-016
           3 ,         175 ,   98.000000000000000      ,   8.7083118494035716E-016
           3 ,         176 ,   99.000000000000000      ,   7.7455403202364437E-016
           3 ,         177 ,   99.000000000000000      ,   6.2796989830360417E-016
           3 ,         178 ,   100.00000000000000      ,   9.3501595355149902E-016
           3 ,         179 ,   100.00000000000000      ,   1.1241008124329710E-015
           3 ,         180 ,   101.00000000000000      ,   5.4990734188464785E-016
           3 ,         181 ,   101.00000000000000      ,   8.6736173798840355E-016
           3 ,         182 ,   102.00000000000000      ,   3.7383290907300193E-016
           3 ,         183 ,   103.00000000000000      ,   7.4940054162198066E-016
           3 ,         184 ,   103.00000000000000      ,   4.1720099597242211E-016
           3 ,         185 ,   104.00000000000000      ,   9.7144514654701197E-016
           3 ,         186 ,   104.00000000000000      ,   5.5511151231257827E-016
           3 ,         187 ,   105.00000000000000      ,   8.0491169285323849E-016
