           1 ,           2 ,   2.0000000000000000      ,  0.60846012045947440     
           1 ,           3 ,   2.0000000000000000      ,  0.38344250360550630     
           1 ,           4 ,   3.0000000000000000      ,  0.28337869565391671     
           1 ,           5 ,   3.0000000000000000      ,  0.17809706351174670     
           1 ,           6 ,   4.0000000000000000      ,  0.17073258700631716     
           1 ,           7 ,   4.0000000000000000      ,  0.16073858901414889     
           1 ,           8 ,   5.0000000000000000      ,   9.8431549657457124E-002
           1 ,           9 ,   5.0000000000000000      ,   7.8827440984533481E-002
           1 ,          10 ,   6.0000000000000000      ,   8.4528897710641537E-002
           1 ,          11 ,   6.0000000000000000      ,   6.4646584162941875E-002
           1 ,          12 ,   7.0000000000000000      ,   8.7619930590740053E-002
           1 ,          13 ,   7.0000000000000000      ,   5.2221247471711377E-002
           1 ,          14 ,   8.0000000000000000      ,   8.4054739954184124E-002
           1 ,          15 ,   9.0000000000000000      ,   4.8938409044285848E-002
           1 ,          16 ,   9.0000000000000000      ,   5.5774733868670767E-002
           1 ,          17 ,   10.000000000000000      ,   2.8764742303658490E-002
           1 ,          18 ,   10.000000000000000      ,   2.9241800705156029E-002
           1 ,          19 ,   11.000000000000000      ,   2.0326683932997469E-002
           1 ,          20 ,   11.000000000000000      ,   2.3030630757613718E-002
           1 ,          21 ,   12.000000000000000      ,   1.8133147325619894E-002
           1 ,          22 ,   12.000000000000000      ,   2.5252602172007768E-002
           1 ,          23 ,   13.000000000000000      ,   2.3921410156255454E-002
           1 ,          24 ,   13.000000000000000      ,   3.2148158364362911E-002
           1 ,          25 ,   14.000000000000000      ,   2.5369053836687541E-002
           1 ,          26 ,   14.000000000000000      ,   2.5791923273570862E-002
           1 ,          27 ,   15.000000000000000      ,   1.5225753933548896E-002
           1 ,          28 ,   15.000000000000000      ,   1.3655319254277924E-002
           1 ,          29 ,   16.000000000000000      ,   9.2862369905563624E-003
           1 ,          30 ,   16.000000000000000      ,   8.5342392677812476E-003
           1 ,          31 ,   17.000000000000000      ,   5.2834137480434456E-003
           1 ,          32 ,   18.000000000000000      ,   4.6458361888852299E-003
           1 ,          33 ,   18.000000000000000      ,   2.8151405609179061E-003
           1 ,          34 ,   19.000000000000000      ,   2.4467050642114638E-003
           1 ,          35 ,   19.000000000000000      ,   1.4735296360571300E-003
           1 ,          36 ,   20.000000000000000      ,   1.2761993933878193E-003
           1 ,          37 ,   20.000000000000000      ,   7.6718332597087123E-004
           1 ,          38 ,   21.000000000000000      ,   6.6374376557941286E-004
           1 ,          39 ,   21.000000000000000      ,   4.2110394669252552E-004
           1 ,          40 ,   22.000000000000000      ,   3.9129370001369113E-004
           1 ,          41 ,   22.000000000000000      ,   2.4965828567934459E-004
           1 ,          42 ,   23.000000000000000      ,   2.3202084920314215E-004
           1 ,          43 ,   23.000000000000000      ,   1.4805864615950737E-004
           1 ,          44 ,   24.000000000000000      ,   1.3761105183599832E-004
           1 ,          45 ,   24.000000000000000      ,   8.7822257049813279E-005
           1 ,          46 ,   25.000000000000000      ,   8.1630675929171212E-005
           1 ,          47 ,   25.000000000000000      ,   5.2100417352936301E-005
           1 ,          48 ,   26.000000000000000      ,   4.8430108601857889E-005
           1 ,          49 ,   27.000000000000000      ,   3.0912584245878366E-005
           1 ,          50 ,   27.000000000000000      ,   2.8736432913349826E-005
           1 ,          51 ,   28.000000000000000      ,   1.8343479823365594E-005
           1 ,          52 ,   28.000000000000000      ,   1.7053011499676592E-005
           1 ,          53 ,   29.000000000000000      ,   1.0886208314984935E-005
           1 ,          54 ,   29.000000000000000      ,   1.0120842264975394E-005
           1 ,          55 ,   30.000000000000000      ,   6.4612579304922091E-006
           1 ,          56 ,   30.000000000000000      ,   6.0072652190625714E-006
           1 ,          57 ,   31.000000000000000      ,   3.8353113651704018E-006
           1 ,          58 ,   31.000000000000000      ,   3.5659830233923662E-006
           1 ,          59 ,   32.000000000000000      ,   2.2768021229885305E-006
           1 ,          60 ,   32.000000000000000      ,   2.1170063336578213E-006
           1 ,          61 ,   33.000000000000000      ,   1.3517281624193800E-006
           1 ,          62 ,   33.000000000000000      ,   1.2569090254554299E-006
           1 ,          63 ,   34.000000000000000      ,   8.0258562859536475E-007
           1 ,          64 ,   34.000000000000000      ,   7.4631628038147879E-007
           1 ,          65 ,   35.000000000000000      ,   4.7657364920378198E-007
           1 ,          66 ,   36.000000000000000      ,   4.4317790072467833E-007
           1 ,          67 ,   36.000000000000000      ,   2.8301151833859395E-007
           1 ,          68 ,   37.000000000000000      ,   2.6318929497760879E-007
           1 ,          69 ,   37.000000000000000      ,   1.6807864040152554E-007
           1 ,          70 ,   38.000000000000000      ,   1.5631195533858527E-007
           1 ,          71 ,   38.000000000000000      ,   9.9828423201497873E-008
           1 ,          72 ,   39.000000000000000      ,   9.2842959422897997E-008
           1 ,          73 ,   39.000000000000000      ,   5.9296376850315191E-008
           1 ,          74 ,   40.000000000000000      ,   5.5148988816616784E-008
           1 ,          75 ,   40.000000000000000      ,   3.5223571028669687E-008
           1 ,          76 ,   41.000000000000000      ,   3.2760985327340286E-008
           1 ,          77 ,   41.000000000000000      ,   2.0925165336582729E-008
           1 ,          78 ,   42.000000000000000      ,   1.9462839527528697E-008
           1 ,          79 ,   42.000000000000000      ,   1.2431794402939511E-008
           1 ,          80 ,   43.000000000000000      ,   1.1563369732223161E-008
           1 ,          81 ,   43.000000000000000      ,   7.3863028852982904E-009
           1 ,          82 ,   44.000000000000000      ,   6.8705345900380022E-009
           1 ,          83 ,   44.000000000000000      ,   4.3888215943421738E-009
           1 ,          84 ,   45.000000000000000      ,   4.0824768574379555E-009
           1 ,          85 ,   46.000000000000000      ,   2.6079261979117252E-009
           1 ,          86 ,   46.000000000000000      ,   2.4259570264098529E-009
           1 ,          87 ,   47.000000000000000      ,   1.5497733027447502E-009
           1 ,          88 ,   47.000000000000000      ,   1.4416752609422434E-009
           1 ,          89 ,   48.000000000000000      ,   9.2101355014806430E-010
           1 ,          90 ,   48.000000000000000      ,   8.5679419462025841E-010
           1 ,          91 ,   49.000000000000000      ,   5.4737896854062384E-010
           1 ,          92 ,   49.000000000000000      ,   5.0922494866656454E-010
           1 ,          93 ,   50.000000000000000      ,   3.2533774632637069E-010
           1 ,          94 ,   50.000000000000000      ,   3.0266749957014172E-010
           1 ,          95 ,   51.000000000000000      ,   1.9337545453801397E-010
           1 ,          96 ,   51.000000000000000      ,   1.7990500235376405E-010
           1 ,          97 ,   52.000000000000000      ,   1.1494494592256821E-010
           1 ,          98 ,   52.000000000000000      ,   1.0694056577775779E-010
           1 ,          99 ,   53.000000000000000      ,   6.8328086244573427E-011
           1 ,         100 ,   53.000000000000000      ,   6.3571114518323757E-011
           1 ,         101 ,   54.000000000000000      ,   4.0619480001780062E-011
           1 ,         102 ,   55.000000000000000      ,   3.7792320488339026E-011
           1 ,         103 ,   55.000000000000000      ,   2.4147326499468491E-011
           1 ,         104 ,   56.000000000000000      ,   2.2467234669920622E-011
           1 ,         105 ,   56.000000000000000      ,   1.4356963534689626E-011
           1 ,         106 ,   57.000000000000000      ,   1.3358772421590004E-011
           1 ,         107 ,   57.000000000000000      ,   8.5367546365233693E-012
           1 ,         108 ,   58.000000000000000      ,   7.9430481289555210E-012
           1 ,         109 ,   58.000000000000000      ,   5.0757384406630024E-012
           1 ,         110 ,   59.000000000000000      ,   4.7225808333384300E-012
           1 ,         111 ,   59.000000000000000      ,   3.0178429200056200E-012
           1 ,         112 ,   60.000000000000000      ,   2.8084218978152720E-012
           1 ,         113 ,   60.000000000000000      ,   1.7946581720718058E-012
           1 ,         114 ,   61.000000000000000      ,   1.6697901741857812E-012
           1 ,         115 ,   61.000000000000000      ,   1.0672816797008267E-012
           1 ,         116 ,   62.000000000000000      ,   1.6889961651500585E-013
           1 ,         117 ,   62.000000000000000      ,   7.0665695517391214E-014
           1 ,         118 ,   63.000000000000000      ,   1.6899676102966055E-013
           1 ,         119 ,   64.000000000000000      ,   7.0731615009478332E-014
           1 ,         120 ,   64.000000000000000      ,   1.6957962811758875E-013
           1 ,         121 ,   65.000000000000000      ,   7.0894679016220152E-014
           1 ,         122 ,   65.000000000000000      ,   1.6937579810916148E-013
           1 ,         123 ,   66.000000000000000      ,   7.0672634411295121E-014
           1 ,         124 ,   66.000000000000000      ,   1.6927258206234086E-013
           1 ,         125 ,   67.000000000000000      ,   7.1293665415694818E-014
           1 ,         126 ,   67.000000000000000      ,   1.6968284416440937E-013
           1 ,         127 ,   68.000000000000000      ,   7.1560812830995246E-014
           1 ,         128 ,   68.000000000000000      ,   1.7004800345610249E-013
           1 ,         129 ,   69.000000000000000      ,   7.1401218271205380E-014
           1 ,         130 ,   69.000000000000000      ,   1.7023882303845994E-013
           1 ,         131 ,   70.000000000000000      ,   7.1796735223728092E-014
           1 ,         132 ,   70.000000000000000      ,   1.7023535359150799E-013
           1 ,         133 ,   71.000000000000000      ,   7.1890410291430840E-014
           1 ,         134 ,   71.000000000000000      ,   1.7005234026479243E-013
           1 ,         135 ,   72.000000000000000      ,   7.2115924343307825E-014
           1 ,         136 ,   73.000000000000000      ,   1.6998815549618129E-013
           1 ,         137 ,   73.000000000000000      ,   7.2136741025019546E-014
           1 ,         138 ,   74.000000000000000      ,   1.7003239094481870E-013
           1 ,         139 ,   74.000000000000000      ,   7.2761241476371197E-014
           1 ,         140 ,   75.000000000000000      ,   1.7001677843353491E-013
           1 ,         141 ,   75.000000000000000      ,   7.1890410291430840E-014
           1 ,         142 ,   76.000000000000000      ,   1.7001157426310698E-013
           1 ,         143 ,   76.000000000000000      ,   7.2622463598293052E-014
           1 ,         144 ,   77.000000000000000      ,   1.7021887371848621E-013
           1 ,         145 ,   77.000000000000000      ,   7.2698791431236032E-014
           1 ,         146 ,   78.000000000000000      ,   1.7041316274779561E-013
           1 ,         147 ,   78.000000000000000      ,   7.2726547006851661E-014
