           5 ,           2 ,   10.000000000000000      ,  0.59355005099000724     
           5 ,           3 ,   14.000000000000000      ,  0.40088055172747433     
           5 ,           4 ,   18.000000000000000      ,  0.26671623971476710     
           5 ,           5 ,   22.000000000000000      ,  0.21570300380662816     
           5 ,           6 ,   26.000000000000000      ,  0.18273532271115683     
           5 ,           7 ,   30.000000000000000      ,  0.13389137534773971     
           5 ,           8 ,   34.000000000000000      ,   9.9350331271544579E-002
           5 ,           9 ,   38.000000000000000      ,  0.12467849375621635     
           5 ,          10 ,   42.000000000000000      ,  0.10016552129336449     
           5 ,          11 ,   46.000000000000000      ,   7.0697276317754423E-002
           5 ,          12 ,   50.000000000000000      ,   5.2543662185954451E-002
           5 ,          13 ,   54.000000000000000      ,   9.2587960025893978E-002
           5 ,          14 ,   58.000000000000000      ,   3.5605155838938925E-002
           5 ,          15 ,   62.000000000000000      ,   5.4078502153957472E-002
           5 ,          16 ,   66.000000000000000      ,   2.0412205789194820E-002
           5 ,          17 ,   70.000000000000000      ,   2.7752312622024551E-002
           5 ,          18 ,   74.000000000000000      ,   9.8041035082224032E-003
           5 ,          19 ,   78.000000000000000      ,   9.9993544351942472E-003
           5 ,          20 ,   82.000000000000000      ,   1.9456408963424605E-003
           5 ,          21 ,   86.000000000000000      ,   3.6091481922220295E-003
           5 ,          22 ,   90.000000000000000      ,   8.8752553213286567E-004
           5 ,          23 ,   94.000000000000000      ,   1.9678578201594958E-003
           5 ,          24 ,   98.000000000000000      ,   5.0904164509860128E-004
           5 ,          25 ,   102.00000000000000      ,   1.1384600726663252E-003
           5 ,          26 ,   106.00000000000000      ,   2.9491927862627075E-004
           5 ,          27 ,   110.00000000000000      ,   6.5745632079890551E-004
           5 ,          28 ,   114.00000000000000      ,   1.7046491733281079E-004
           5 ,          29 ,   118.00000000000000      ,   3.7877294674423800E-004
           5 ,          30 ,   122.00000000000000      ,   9.8408362391430582E-005
           5 ,          31 ,   126.00000000000000      ,   2.1792770147637669E-004
           5 ,          32 ,   130.00000000000000      ,   5.6785588514811705E-005
           5 ,          33 ,   134.00000000000000      ,   1.2530117792219388E-004
           5 ,          34 ,   138.00000000000000      ,   3.2764710150972112E-005
           5 ,          35 ,   142.00000000000000      ,   7.2030082092049141E-005
           5 ,          36 ,   146.00000000000000      ,   1.8905235072880916E-005
           5 ,          37 ,   150.00000000000000      ,   4.1414211084720917E-005
           5 ,          38 ,   154.00000000000000      ,   1.0908340399800806E-005
           5 ,          39 ,   158.00000000000000      ,   2.3821590926778255E-005
           5 ,          40 ,   162.00000000000000      ,   6.2938577785488087E-006
           5 ,          41 ,   166.00000000000000      ,   1.3709705189483834E-005
           5 ,          42 ,   170.00000000000000      ,   3.6311711547453579E-006
           5 ,          43 ,   174.00000000000000      ,   7.8944348578698087E-006
           5 ,          44 ,   178.00000000000000      ,   2.0948405305368928E-006
           5 ,          45 ,   182.00000000000000      ,   4.5479831712689350E-006
           5 ,          46 ,   186.00000000000000      ,   1.2084816303631341E-006
           5 ,          47 ,   190.00000000000000      ,   2.6210787849919454E-006
           5 ,          48 ,   194.00000000000000      ,   6.9714874678140915E-007
           5 ,          49 ,   198.00000000000000      ,   1.5110006990493724E-006
           5 ,          50 ,   202.00000000000000      ,   4.0217585934275435E-007
           5 ,          51 ,   206.00000000000000      ,   8.7124227401286225E-007
           5 ,          52 ,   210.00000000000000      ,   2.3201539304899821E-007
           5 ,          53 ,   214.00000000000000      ,   5.0243095441049324E-007
           5 ,          54 ,   218.00000000000000      ,   1.3385344660270249E-007
           5 ,          55 ,   222.00000000000000      ,   2.8977218661727089E-007
           5 ,          56 ,   226.00000000000000      ,   7.7224211556675693E-008
           5 ,          57 ,   230.00000000000000      ,   1.6713383565493400E-007
           5 ,          58 ,   234.00000000000000      ,   4.4553942287264836E-008
           5 ,          59 ,   238.00000000000000      ,   9.6402346367804870E-008
           5 ,          60 ,   242.00000000000000      ,   2.5705395883049431E-008
           5 ,          61 ,   246.00000000000000      ,   5.5605446191986374E-008
           5 ,          62 ,   250.00000000000000      ,   1.4830787067182660E-008
           5 ,          63 ,   254.00000000000000      ,   3.2073554399186799E-008
           5 ,          64 ,   258.00000000000000      ,   8.5566365781025722E-009
           5 ,          65 ,   262.00000000000000      ,   1.8499990678266798E-008
           5 ,          66 ,   266.00000000000000      ,   4.9367003818190369E-009
           5 ,          67 ,   270.00000000000000      ,   1.0670560188913436E-008
           5 ,          68 ,   274.00000000000000      ,   2.8481511827813111E-009
           5 ,          69 ,   278.00000000000000      ,   6.1545152897635180E-009
           5 ,          70 ,   282.00000000000000      ,   1.6431667927349625E-009
           5 ,          71 ,   286.00000000000000      ,   3.5496686163344338E-009
           5 ,          72 ,   290.00000000000000      ,   9.4795559509724958E-010
           5 ,          73 ,   294.00000000000000      ,   2.0472219561945559E-009
           5 ,          74 ,   298.00000000000000      ,   5.4686615652554948E-010
           5 ,          75 ,   302.00000000000000      ,   1.1806763795807473E-009
           5 ,          76 ,   306.00000000000000      ,   3.1546970417906106E-010
           5 ,          77 ,   310.00000000000000      ,   6.8089797515547001E-010
           5 ,          78 ,   314.00000000000000      ,   1.8198186794299298E-010
           5 ,          79 ,   318.00000000000000      ,   3.9268722648588827E-010
           5 ,          80 ,   322.00000000000000      ,   1.0498100652678310E-010
           5 ,          81 ,   326.00000000000000      ,   2.2646071476395413E-010
           5 ,          82 ,   330.00000000000000      ,   6.0555771334847019E-011
           5 ,          83 ,   334.00000000000000      ,   1.3058966581713793E-010
           5 ,          84 ,   338.00000000000000      ,   3.4927867889611441E-011
           5 ,          85 ,   342.00000000000000      ,   7.5306118979545644E-011
           5 ,          86 ,   346.00000000000000      ,   2.0141878616375397E-011
           5 ,          87 ,   350.00000000000000      ,   4.3401619104210809E-011
           5 ,          88 ,   354.00000000000000      ,   1.1611083622353746E-011
           5 ,          89 ,   358.00000000000000      ,   2.5013168619691939E-011
           5 ,          90 ,   362.00000000000000      ,   6.6928589406711758E-012
           5 ,          91 ,   366.00000000000000      ,   1.4429615488587011E-011
           5 ,          92 ,   370.00000000000000      ,   3.8611388392117973E-012
           5 ,          93 ,   374.00000000000000      ,   8.2933868106316311E-012
           5 ,          94 ,   378.00000000000000      ,   2.2191953136241338E-012
           5 ,          95 ,   382.00000000000000      ,   4.7812639264455115E-012
           5 ,          96 ,   386.00000000000000      ,   1.2807801694214582E-012
           5 ,          97 ,   390.00000000000000      ,   2.7518126666237208E-012
           5 ,          98 ,   394.00000000000000      ,   7.3371777403741234E-013
           5 ,          99 ,   398.00000000000000      ,   1.5770891537147946E-012
           5 ,         100 ,   402.00000000000000      ,   4.2019946550064802E-013
           5 ,         101 ,   406.00000000000000      ,   9.0667057195403800E-013
           5 ,         102 ,   410.00000000000000      ,   2.3628234785411095E-013
           5 ,         103 ,   413.00000000000000      ,   4.8815465558682547E-013
           5 ,         104 ,   417.00000000000000      ,   1.3021875244767500E-013
           5 ,         105 ,   421.00000000000000      ,   2.6082955240092076E-013
           5 ,         106 ,   425.00000000000000      ,   7.3091706298544779E-014
           5 ,         107 ,   429.00000000000000      ,   1.5003449871375807E-013
           5 ,         108 ,   433.00000000000000      ,   3.9934201778724088E-014
           5 ,         109 ,   437.00000000000000      ,   5.5479926208690244E-014
           5 ,         110 ,   441.00000000000000      ,   1.0353697066367573E-014
           5 ,         111 ,   445.00000000000000      ,   5.5511151231257827E-015
           5 ,         112 ,   449.00000000000000      ,   6.1699777231805086E-015
           5 ,         113 ,   453.00000000000000      ,   3.8380756905986857E-015
           5 ,         114 ,   457.00000000000000      ,   6.2632191100142620E-015
           5 ,         115 ,   461.00000000000000      ,   3.7105735151143904E-015
           5 ,         116 ,   465.00000000000000      ,   7.8374806644632145E-015
           5 ,         117 ,   469.00000000000000      ,   3.2838315400240958E-015
           5 ,         118 ,   473.00000000000000      ,   6.6613381477509392E-015
           5 ,         119 ,   477.00000000000000      ,   3.6533276404071557E-015
           5 ,         120 ,   481.00000000000000      ,   6.0190567807705264E-015
           5 ,         121 ,   485.00000000000000      ,   3.5336317205647561E-015
           5 ,         122 ,   489.00000000000000      ,   6.2367645770056157E-015
           5 ,         123 ,   493.00000000000000      ,   3.5717956370362458E-015
           5 ,         124 ,   497.00000000000000      ,   6.3764098168217487E-015
           5 ,         125 ,   501.00000000000000      ,   3.7400638142059961E-015
           5 ,         126 ,   505.00000000000000      ,   6.8486882831564344E-015
           5 ,         127 ,   509.00000000000000      ,   3.7053693446864600E-015
           5 ,         128 ,   513.00000000000000      ,   6.2220194274598128E-015
           5 ,         129 ,   517.00000000000000      ,   3.6533276404071557E-015
           5 ,         130 ,   521.00000000000000      ,   6.6145006138995655E-015
           5 ,         131 ,   525.00000000000000      ,   3.5154171240669996E-015
           5 ,         132 ,   529.00000000000000      ,   6.1240075510671232E-015
           5 ,         133 ,   533.00000000000000      ,   5.0237591864288333E-015
           5 ,         134 ,   537.00000000000000      ,   7.2598177469629377E-015
           5 ,         135 ,   541.00000000000000      ,   3.5457747848965937E-015
           5 ,         136 ,   545.00000000000000      ,   6.5693978035241685E-015
           5 ,         137 ,   549.00000000000000      ,   3.2335245592207684E-015
           5 ,         138 ,   553.00000000000000      ,   6.0550522928970452E-015
           5 ,         139 ,   557.00000000000000      ,   4.8754403292328163E-015
           5 ,         140 ,   561.00000000000000      ,   7.1869593609719118E-015
           5 ,         141 ,   565.00000000000000      ,   3.2144426009850235E-015
           5 ,         142 ,   569.00000000000000      ,   6.9354244569552748E-015
           5 ,         143 ,   573.00000000000000      ,   4.1182335319689400E-015
           5 ,         144 ,   577.00000000000000      ,   5.6777499368720896E-015
           5 ,         145 ,   581.00000000000000      ,   3.4347524824340780E-015
           5 ,         146 ,   585.00000000000000      ,   6.7511100876327390E-015
           5 ,         147 ,   589.00000000000000      ,   4.2032349822918036E-015
           5 ,         148 ,   593.00000000000000      ,   6.9905019273175384E-015
           5 ,         149 ,   597.00000000000000      ,   3.7183797707562860E-015
           5 ,         150 ,   601.00000000000000      ,   6.1769166170844159E-015
           5 ,         151 ,   605.00000000000000      ,   4.3316045195140873E-015
           5 ,         152 ,   609.00000000000000      ,   6.3980938602714588E-015
           5 ,         153 ,   613.00000000000000      ,   4.6993658964211704E-015
           5 ,         154 ,   617.00000000000000      ,   6.2588823013243200E-015
           5 ,         155 ,   621.00000000000000      ,   3.0331639977454472E-015
           5 ,         156 ,   625.00000000000000      ,   6.5251623548867599E-015
           5 ,         157 ,   629.00000000000000      ,   3.5596525727044082E-015
           5 ,         158 ,   633.00000000000000      ,   6.6583023816679798E-015
           5 ,         159 ,   637.00000000000000      ,   3.5214886562329184E-015
           5 ,         160 ,   641.00000000000000      ,   6.6379193808252523E-015
           5 ,         161 ,   645.00000000000000      ,   3.1138286393783687E-015
           5 ,         162 ,   649.00000000000000      ,   6.4002622646164298E-015
           5 ,         163 ,   653.00000000000000      ,   3.5900102335340023E-015
           5 ,         164 ,   656.00000000000000      ,   6.7337628528729709E-015
           5 ,         165 ,   660.00000000000000      ,   4.5727310826748635E-015
           5 ,         166 ,   664.00000000000000      ,   7.0707328880814657E-015
           5 ,         167 ,   668.00000000000000      ,   3.7660846663456482E-015
           5 ,         168 ,   672.00000000000000      ,   6.0043116312247236E-015
           5 ,         169 ,   676.00000000000000      ,   3.5249581031848720E-015
           5 ,         170 ,   680.00000000000000      ,   6.3720730081318067E-015
           5 ,         171 ,   684.00000000000000      ,   3.4573038876217765E-015
           5 ,         172 ,   688.00000000000000      ,   6.4757227358214209E-015
           5 ,         173 ,   692.00000000000000      ,   3.7712888367735786E-015
           5 ,         174 ,   696.00000000000000      ,   6.7597837050126230E-015
           5 ,         175 ,   700.00000000000000      ,   3.7574110489657642E-015
           5 ,         176 ,   704.00000000000000      ,   6.7216197885411333E-015
           5 ,         177 ,   708.00000000000000      ,   3.4382219293860317E-015
           5 ,         178 ,   712.00000000000000      ,   6.7068746389953304E-015
           5 ,         179 ,   717.00000000000000      ,   3.2725558374302466E-015
           5 ,         180 ,   721.00000000000000      ,   7.0343036950859528E-015
           5 ,         181 ,   726.00000000000000      ,   3.1884217488453714E-015
           5 ,         182 ,   730.00000000000000      ,   6.0338019303163293E-015
           5 ,         183 ,   735.00000000000000      ,   3.4451608232899389E-015
           5 ,         184 ,   739.00000000000000      ,   9.2530150208602890E-015
           5 ,         185 ,   743.00000000000000      ,   3.5769998074641762E-015
