           3 ,           2 ,   10.000000000000000      ,  0.59355005098993807     
           3 ,           3 ,   14.000000000000000      ,  0.40088055172733239     
           3 ,           4 ,   18.000000000000000      ,  0.26671623971506220     
           3 ,           5 ,   22.000000000000000      ,  0.21570300380633331     
           3 ,           6 ,   26.000000000000000      ,  0.18273532271131251     
           3 ,           7 ,   30.000000000000000      ,  0.13389137534761436     
           3 ,           8 ,   34.000000000000000      ,   9.9350331271346834E-002
           3 ,           9 ,   38.000000000000000      ,  0.12467849375666576     
           3 ,          10 ,   42.000000000000000      ,  0.10016552129369136     
           3 ,          11 ,   46.000000000000000      ,   7.0697276319173247E-002
           3 ,          12 ,   50.000000000000000      ,   5.2543662186020391E-002
           3 ,          13 ,   54.000000000000000      ,   9.2587960025862531E-002
           3 ,          14 ,   58.000000000000000      ,   3.5605155838949749E-002
           3 ,          15 ,   62.000000000000000      ,   5.4078502153709990E-002
           3 ,          16 ,   66.000000000000000      ,   2.0412205789345703E-002
           3 ,          17 ,   70.000000000000000      ,   2.7752312621615767E-002
           3 ,          18 ,   74.000000000000000      ,   9.8041035080568932E-003
           3 ,          19 ,   78.000000000000000      ,   9.9993544354011858E-003
           3 ,          20 ,   82.000000000000000      ,   1.9456408963940373E-003
           3 ,          21 ,   86.000000000000000      ,   3.6091481921439704E-003
           3 ,          22 ,   90.000000000000000      ,   8.8752553207915169E-004
           3 ,          23 ,   94.000000000000000      ,   1.9678578199474016E-003
           3 ,          24 ,   98.000000000000000      ,   5.0904164502584351E-004
           3 ,          25 ,   102.00000000000000      ,   1.1384600724294435E-003
           3 ,          26 ,   106.00000000000000      ,   2.9491927856153434E-004
           3 ,          27 ,   110.00000000000000      ,   6.5745632062030185E-004
           3 ,          28 ,   114.00000000000000      ,   1.7046491728533314E-004
           3 ,          29 ,   118.00000000000000      ,   3.7877294661126971E-004
           3 ,          30 ,   122.00000000000000      ,   9.8408362358318180E-005
           3 ,          31 ,   126.00000000000000      ,   2.1792770136627379E-004
           3 ,          32 ,   130.00000000000000      ,   5.6785588489254024E-005
           3 ,          33 ,   134.00000000000000      ,   1.2530117784519991E-004
           3 ,          34 ,   138.00000000000000      ,   3.2764710126110055E-005
           3 ,          35 ,   142.00000000000000      ,   7.2030082019147387E-005
           3 ,          36 ,   146.00000000000000      ,   1.8905235048237434E-005
           3 ,          37 ,   150.00000000000000      ,   4.1414211025414191E-005
           3 ,          38 ,   154.00000000000000      ,   1.0908340380035367E-005
           3 ,          39 ,   158.00000000000000      ,   2.3821590876450457E-005
           3 ,          40 ,   162.00000000000000      ,   6.2938577644854055E-006
           3 ,          41 ,   166.00000000000000      ,   1.3709705154067720E-005
           3 ,          42 ,   170.00000000000000      ,   3.6311711447099826E-006
           3 ,          43 ,   174.00000000000000      ,   7.8944348050839080E-006
           3 ,          44 ,   178.00000000000000      ,   2.0948405137985460E-006
           3 ,          45 ,   182.00000000000000      ,   4.5479831327546044E-006
           3 ,          46 ,   186.00000000000000      ,   1.2084816201872461E-006
           3 ,          47 ,   190.00000000000000      ,   2.6210787611447017E-006
           3 ,          48 ,   194.00000000000000      ,   6.9714874040283092E-007
           3 ,          49 ,   198.00000000000000      ,   1.5110006768622591E-006
           3 ,          50 ,   202.00000000000000      ,   4.0217585755598917E-007
           3 ,          51 ,   206.00000000000000      ,   8.7124227022422618E-007
           3 ,          52 ,   210.00000000000000      ,   2.3201539474555777E-007
           3 ,          53 ,   214.00000000000000      ,   5.0243096714336355E-007
           3 ,          54 ,   218.00000000000000      ,   1.3385345161778806E-007
           3 ,          55 ,   222.00000000000000      ,   2.8977219986014990E-007
           3 ,          56 ,   226.00000000000000      ,   7.7224217036667153E-008
           3 ,          57 ,   230.00000000000000      ,   1.6713384628185002E-007
           3 ,          58 ,   234.00000000000000      ,   4.4553948095119034E-008
           3 ,          59 ,   238.00000000000000      ,   9.6402358809241639E-008
           3 ,          60 ,   242.00000000000000      ,   2.5705398894529385E-008
           3 ,          61 ,   246.00000000000000      ,   5.5605466080591026E-008
           3 ,          62 ,   250.00000000000000      ,   1.4830795298445554E-008
           3 ,          63 ,   254.00000000000000      ,   3.2073557292705557E-008
           3 ,          64 ,   258.00000000000000      ,   8.5566354748184414E-009
           3 ,          65 ,   262.00000000000000      ,   1.8499995566717553E-008
           3 ,          66 ,   266.00000000000000      ,   4.9367025935914688E-009
           3 ,          67 ,   270.00000000000000      ,   1.0670565497167273E-008
           3 ,          68 ,   274.00000000000000      ,   2.8481537033345217E-009
           3 ,          69 ,   279.00000000000000      ,   6.1544913124156331E-009
           3 ,          70 ,   283.00000000000000      ,   1.6431633042060523E-009
           3 ,          71 ,   288.00000000000000      ,   3.5496448575617068E-009
           3 ,          72 ,   292.00000000000000      ,   9.4795217335519322E-010
           3 ,          73 ,   297.00000000000000      ,   2.0472185526670961E-009
           3 ,          74 ,   301.00000000000000      ,   5.4686500293443796E-010
           3 ,          75 ,   305.00000000000000      ,   1.1806787561519094E-009
           3 ,          76 ,   310.00000000000000      ,   3.1547129752257375E-010
           3 ,          77 ,   314.00000000000000      ,   6.8090444740875888E-010
           3 ,          78 ,   319.00000000000000      ,   1.8198287321524731E-010
           3 ,          79 ,   323.00000000000000      ,   3.9267508862572686E-010
           3 ,          80 ,   328.00000000000000      ,   1.0497395574321500E-010
           3 ,          81 ,   332.00000000000000      ,   2.2644633564106176E-010
           3 ,          82 ,   337.00000000000000      ,   6.0550465683095744E-011
           3 ,          83 ,   341.00000000000000      ,   1.3058280498579045E-010
           3 ,          84 ,   346.00000000000000      ,   3.4925059372303835E-011
           3 ,          85 ,   350.00000000000000      ,   7.5299960711205927E-011
           3 ,          86 ,   354.00000000000000      ,   2.0144018397783015E-011
           3 ,          87 ,   358.00000000000000      ,   4.3421693324274813E-011
           3 ,          88 ,   362.00000000000000      ,   1.1618450125594482E-011
           3 ,          89 ,   366.00000000000000      ,   2.5037754855516958E-011
           3 ,          90 ,   370.00000000000000      ,   6.7008889756414725E-012
           3 ,          91 ,   374.00000000000000      ,   1.4438880646672203E-011
           3 ,          92 ,   378.00000000000000      ,   3.8655936090981058E-012
           3 ,          93 ,   382.00000000000000      ,   8.3260585925781783E-012
           3 ,          94 ,   386.00000000000000      ,   2.2271932562101249E-012
           3 ,          95 ,   390.00000000000000      ,   4.7983925860473065E-012
           3 ,          96 ,   394.00000000000000      ,   1.2855020867230671E-012
           3 ,          97 ,   398.00000000000000      ,   2.7679195740981655E-012
           3 ,          98 ,   402.00000000000000      ,   7.4127162741355335E-013
           3 ,          99 ,   406.00000000000000      ,   1.5960531507541731E-012
           3 ,         100 ,   410.00000000000000      ,   4.0210890173142388E-015
           3 ,         101 ,   414.00000000000000      ,   1.2116002645612411E-013
           3 ,         102 ,   418.00000000000000      ,   3.8476166697165581E-015
           3 ,         103 ,   422.00000000000000      ,   4.3574518993061417E-014
           3 ,         104 ,   426.00000000000000      ,   8.0543210989603153E-015
           3 ,         105 ,   430.00000000000000      ,   1.6039253258881558E-014
           3 ,         106 ,   434.00000000000000      ,   2.9490299091605721E-015
           3 ,         107 ,   438.00000000000000      ,   6.2901073238919025E-015
           3 ,         108 ,   442.00000000000000      ,   5.5736665283134812E-015
           3 ,         109 ,   446.00000000000000      ,   2.2325891135821507E-015
           3 ,         110 ,   450.00000000000000      ,   3.2907704339280031E-015
           3 ,         111 ,   454.00000000000000      ,   4.0106806764583780E-015
           3 ,         112 ,   458.00000000000000      ,   1.4667086989383904E-015
           3 ,         113 ,   462.00000000000000      ,   2.7790270085148450E-015
           3 ,         114 ,   466.00000000000000      ,   5.7696902810988604E-015
           3 ,         115 ,   470.00000000000000      ,   9.7057778480902357E-016
           3 ,         116 ,   474.00000000000000      ,   1.4745149545802860E-015
           3 ,         117 ,   478.00000000000000      ,   1.0269562977782698E-015
           3 ,         118 ,   482.00000000000000      ,   1.8873791418627661E-015
           3 ,         119 ,   486.00000000000000      ,   2.3019780526212230E-015
           3 ,         120 ,   490.00000000000000      ,   4.4495657158805102E-015
           3 ,         121 ,   494.00000000000000      ,   9.0379093098391650E-016
           3 ,         122 ,   498.00000000000000      ,   3.7227165794462280E-015
           3 ,         123 ,   502.00000000000000      ,   1.3895135042574225E-015
           3 ,         124 ,   506.00000000000000      ,   2.3644280977563881E-015
           3 ,         125 ,   510.00000000000000      ,   2.1597307275911248E-015
           3 ,         126 ,   514.00000000000000      ,   1.8041124150158794E-015
           3 ,         127 ,   518.00000000000000      ,   5.7974458567144893E-015
           3 ,         128 ,   522.00000000000000      ,   1.4563003580825296E-015
           3 ,         129 ,   526.00000000000000      ,   8.6736173798840355E-016
           3 ,         130 ,   530.00000000000000      ,   5.0237591864288333E-015
           3 ,         131 ,   534.00000000000000      ,   1.4450246554886803E-015
           3 ,         132 ,   538.00000000000000      ,   1.7746221159242737E-015
           3 ,         133 ,   542.00000000000000      ,   1.4623718902484484E-015
           3 ,         134 ,   546.00000000000000      ,   2.0452389781766556E-015
           3 ,         135 ,   550.00000000000000      ,   1.1952244749480201E-015
           3 ,         136 ,   554.00000000000000      ,   3.6082248300317588E-015
           3 ,         137 ,   558.00000000000000      ,   5.4661136728029192E-015
           3 ,         138 ,   562.00000000000000      ,   4.1720099597242211E-015
           3 ,         139 ,   566.00000000000000      ,   4.4547698863084406E-015
           3 ,         140 ,   570.00000000000000      ,   3.6689401516909470E-015
           3 ,         141 ,   574.00000000000000      ,   1.1397133237167623E-015
           3 ,         142 ,   578.00000000000000      ,   3.7140429620663440E-015
           3 ,         143 ,   582.00000000000000      ,   8.5738707800153691E-016
           3 ,         144 ,   586.00000000000000      ,   2.0001361678012586E-015
           3 ,         145 ,   590.00000000000000      ,   1.9836562947794789E-015
           3 ,         146 ,   594.00000000000000      ,   9.4195484745540625E-016
           3 ,         147 ,   599.00000000000000      ,   4.5952824878625620E-015
           3 ,         148 ,   603.00000000000000      ,   1.0495077029659683E-015
           3 ,         149 ,   607.00000000000000      ,   1.4398204850607499E-015
           3 ,         150 ,   611.00000000000000      ,   3.0548480411951573E-015
           3 ,         151 ,   615.00000000000000      ,   1.2663481374630692E-015
           3 ,         152 ,   619.00000000000000      ,   1.3166551182663966E-015
           3 ,         153 ,   623.00000000000000      ,   4.7444687067965674E-015
           3 ,         154 ,   627.00000000000000      ,   5.3203969008208674E-015
           3 ,         155 ,   631.00000000000000      ,   2.1163626406917047E-015
           3 ,         156 ,   635.00000000000000      ,   1.5950782361606741E-015
           3 ,         157 ,   639.00000000000000      ,   2.2204460492503131E-015
           3 ,         158 ,   643.00000000000000      ,   1.0443035325380379E-015
           3 ,         159 ,   647.00000000000000      ,   1.3964523981613297E-015
           3 ,         160 ,   651.00000000000000      ,   3.0947466811426239E-015
           3 ,         161 ,   655.00000000000000      ,   1.2160411566597418E-015
           3 ,         162 ,   659.00000000000000      ,   1.9793194860895369E-015
           3 ,         163 ,   663.00000000000000      ,   9.0205620750793969E-016
           3 ,         164 ,   667.00000000000000      ,   3.0114799542957371E-015
           3 ,         165 ,   671.00000000000000      ,   7.7542139376163277E-016
           3 ,         166 ,   675.00000000000000      ,   1.1969591984239969E-015
           3 ,         167 ,   679.00000000000000      ,   8.8817841970012523E-016
           3 ,         168 ,   683.00000000000000      ,   3.5891428717960139E-015
           3 ,         169 ,   687.00000000000000      ,   8.7256590841633397E-016
           3 ,         170 ,   691.00000000000000      ,   4.3576253716537394E-015
           3 ,         171 ,   695.00000000000000      ,   8.9858676055598607E-016
           3 ,         172 ,   699.00000000000000      ,   1.8214596497756474E-015
           3 ,         173 ,   703.00000000000000      ,   1.4137996329210978E-015
           3 ,         174 ,   707.00000000000000      ,   9.9833336042465248E-016
           3 ,         175 ,   711.00000000000000      ,   2.4182045255116691E-015
           3 ,         176 ,   715.00000000000000      ,   1.4398204850607499E-015
           3 ,         177 ,   719.00000000000000      ,   1.0495077029659683E-015
           3 ,         178 ,   723.00000000000000      ,   1.8630930131990908E-015
           3 ,         179 ,   727.00000000000000      ,   9.6537361438109315E-016
           3 ,         180 ,   732.00000000000000      ,   3.0652563820510181E-015
           3 ,         181 ,   736.00000000000000      ,   1.8986548444566154E-015
           3 ,         182 ,   740.00000000000000      ,   2.3158558404290375E-015
           3 ,         183 ,   744.00000000000000      ,   1.2091022627558345E-015
           3 ,         184 ,   748.00000000000000      ,   3.9308833965634449E-015
           3 ,         185 ,   752.00000000000000      ,   2.3522850334245504E-015
           3 ,         186 ,   756.00000000000000      ,   4.8763076909708047E-015
           3 ,         187 ,   760.00000000000000      ,   1.6531914726058972E-015
           3 ,         188 ,   764.00000000000000      ,   1.2177758801357186E-015
           3 ,         189 ,   768.00000000000000      ,   4.3264003490861569E-015
           3 ,         190 ,   772.00000000000000      ,   3.5874081483200371E-015
           3 ,         191 ,   777.00000000000000      ,   1.2758891165809416E-015
           3 ,         192 ,   781.00000000000000      ,   8.1878948066105295E-016
           3 ,         193 ,   785.00000000000000      ,   1.6202317265623378E-015
           3 ,         194 ,   789.00000000000000      ,   1.4103301859691442E-015
           3 ,         195 ,   793.00000000000000      ,   6.9475675212871124E-016
           3 ,         196 ,   797.00000000000000      ,   9.1593399531575415E-016
           3 ,         197 ,   801.00000000000000      ,   1.8301332671555315E-015
           3 ,         198 ,   805.00000000000000      ,   3.3219954564955856E-015
           3 ,         199 ,   809.00000000000000      ,   1.5543122344752192E-015
           3 ,         200 ,   813.00000000000000      ,   1.7364581994527839E-015
           3 ,         201 ,   817.00000000000000      ,   5.7367305350553011E-015
           3 ,         202 ,   821.00000000000000      ,   1.3565537582138631E-015
           3 ,         203 ,   825.00000000000000      ,   1.3114509478384662E-015
           3 ,         204 ,   829.00000000000000      ,   1.2021633688519273E-015
           3 ,         205 ,   833.00000000000000      ,   6.8174632605888519E-015
           3 ,         206 ,   837.00000000000000      ,   1.9186041644303486E-015
           3 ,         207 ,   841.00000000000000      ,   1.2247147740396258E-015
           3 ,         208 ,   845.00000000000000      ,   2.4789198471708573E-015
           3 ,         209 ,   849.00000000000000      ,   1.9290125052862095E-015
           3 ,         210 ,   853.00000000000000      ,   5.2943760486812153E-015
           3 ,         211 ,   857.00000000000000      ,   1.1908876662580781E-015
           3 ,         212 ,   861.00000000000000      ,   1.1934897514720433E-015
           3 ,         213 ,   865.00000000000000      ,   2.8900493109773606E-015
           3 ,         214 ,   869.00000000000000      ,   5.0289633568567638E-015
           3 ,         215 ,   873.00000000000000      ,   1.6670692604137116E-015
           3 ,         216 ,   877.00000000000000      ,   2.5673907444456745E-015
           3 ,         217 ,   881.00000000000000      ,   3.4841921014994170E-015
           3 ,         218 ,   885.00000000000000      ,   4.5467102305352114E-015
           3 ,         219 ,   889.00000000000000      ,   2.5777990853015353E-015
           3 ,         220 ,   893.00000000000000      ,   9.1766871879173095E-016
           3 ,         221 ,   897.00000000000000      ,   1.9437576548320123E-015
           3 ,         222 ,   901.00000000000000      ,   1.4224732503009818E-015
           3 ,         223 ,   905.00000000000000      ,   2.2629467744117449E-015
           3 ,         224 ,   909.00000000000000      ,   1.7347234759768071E-015
           3 ,         225 ,   913.00000000000000      ,   4.8919202022545960E-015
