           1 ,           2 ,   11.000000000000000      ,  0.59355005098997604     
           1 ,           3 ,   15.000000000000000      ,  0.40088055172729087     
           1 ,           4 ,   20.000000000000000      ,  0.26671623971500502     
           1 ,           5 ,   24.000000000000000      ,  0.21570300380612167     
           1 ,           6 ,   29.000000000000000      ,  0.18273532271137127     
           1 ,           7 ,   33.000000000000000      ,  0.13389137534775125     
           1 ,           8 ,   37.000000000000000      ,   9.9350331271259126E-002
           1 ,           9 ,   42.000000000000000      ,  0.12467849375633981     
           1 ,          10 ,   46.000000000000000      ,  0.10016552129403025     
           1 ,          11 ,   51.000000000000000      ,   7.0697276318800337E-002
           1 ,          12 ,   55.000000000000000      ,   5.2543662186711998E-002
           1 ,          13 ,   60.000000000000000      ,   9.2587960026600080E-002
           1 ,          14 ,   64.000000000000000      ,   3.5605155839019950E-002
           1 ,          15 ,   69.000000000000000      ,   5.4078502153514341E-002
           1 ,          16 ,   73.000000000000000      ,   2.0412205789158228E-002
           1 ,          17 ,   78.000000000000000      ,   2.7752312621039239E-002
           1 ,          18 ,   82.000000000000000      ,   9.8041035079278124E-003
           1 ,          19 ,   86.000000000000000      ,   9.9993544354255847E-003
           1 ,          20 ,   90.000000000000000      ,   1.9456408964781818E-003
           1 ,          21 ,   94.000000000000000      ,   3.6091481922631459E-003
           1 ,          22 ,   98.000000000000000      ,   8.8752553215324173E-004
           1 ,          23 ,   102.00000000000000      ,   1.9678578201789490E-003
           1 ,          24 ,   106.00000000000000      ,   5.0904164511163946E-004
           1 ,          25 ,   110.00000000000000      ,   1.1384600756247643E-003
           1 ,          26 ,   114.00000000000000      ,   2.9491927974161641E-004
           1 ,          27 ,   118.00000000000000      ,   6.5745632335480718E-004
           1 ,          28 ,   122.00000000000000      ,   1.7046491801398812E-004
           1 ,          29 ,   126.00000000000000      ,   3.7877294824346930E-004
           1 ,          30 ,   130.00000000000000      ,   9.8408362785446998E-005
           1 ,          31 ,   134.00000000000000      ,   2.1792770231636102E-004
           1 ,          32 ,   138.00000000000000      ,   5.6785588738578890E-005
           1 ,          33 ,   142.00000000000000      ,   1.2530117840152226E-004
           1 ,          34 ,   146.00000000000000      ,   3.2764710275162701E-005
           1 ,          35 ,   151.00000000000000      ,   7.2030082350736310E-005
           1 ,          36 ,   154.00000000000000      ,   1.8905235136226078E-005
           1 ,          37 ,   159.00000000000000      ,   4.1414211219571381E-005
           1 ,          38 ,   163.00000000000000      ,   1.0908340433574137E-005
           1 ,          39 ,   167.00000000000000      ,   2.3821590995830658E-005
           1 ,          40 ,   171.00000000000000      ,   6.2938577966471787E-006
           1 ,          41 ,   175.00000000000000      ,   1.3709705225333629E-005
           1 ,          42 ,   179.00000000000000      ,   3.6311711636063254E-006
           1 ,          43 ,   183.00000000000000      ,   7.8944348458256236E-006
           1 ,          44 ,   187.00000000000000      ,   2.0948405245243412E-006
           1 ,          45 ,   191.00000000000000      ,   4.5479831565376633E-006
           1 ,          46 ,   195.00000000000000      ,   1.2084816280386046E-006
           1 ,          47 ,   199.00000000000000      ,   2.6210787793905233E-006
           1 ,          48 ,   203.00000000000000      ,   6.9714874335879973E-007
           1 ,          49 ,   207.00000000000000      ,   1.5110006823422506E-006
           1 ,          50 ,   211.00000000000000      ,   4.0217585899060548E-007
           1 ,          51 ,   215.00000000000000      ,   8.7124227420021239E-007
           1 ,          52 ,   219.00000000000000      ,   2.3201539580547381E-007
           1 ,          53 ,   223.00000000000000      ,   5.0243096993626835E-007
           1 ,          54 ,   227.00000000000000      ,   1.3385345260484571E-007
           1 ,          55 ,   231.00000000000000      ,   2.8977220154283168E-007
           1 ,          56 ,   235.00000000000000      ,   7.7224217066157452E-008
           1 ,          57 ,   239.00000000000000      ,   1.6713384521326036E-007
           1 ,          58 ,   243.00000000000000      ,   4.4553948077771799E-008
           1 ,          59 ,   247.00000000000000      ,   9.6402358297498214E-008
           1 ,          60 ,   251.00000000000000      ,   2.5705398675954227E-008
           1 ,          61 ,   255.00000000000000      ,   5.5605465249658481E-008
           1 ,          62 ,   259.00000000000000      ,   1.4830794562922800E-008
           1 ,          63 ,   263.00000000000000      ,   3.2073555589207103E-008
           1 ,          64 ,   267.00000000000000      ,   8.5566342743897961E-009
           1 ,          65 ,   271.00000000000000      ,   1.8499992850140590E-008
           1 ,          66 ,   275.00000000000000      ,   4.9367005032496802E-009
           1 ,          67 ,   279.00000000000000      ,   1.0670561321687866E-008
           1 ,          68 ,   283.00000000000000      ,   2.8481535029739602E-009
           1 ,          69 ,   287.00000000000000      ,   6.1544900998439234E-009
           1 ,          70 ,   291.00000000000000      ,   1.6431619563259114E-009
           1 ,          71 ,   295.00000000000000      ,   3.5496414713814817E-009
           1 ,          72 ,   299.00000000000000      ,   9.4795171712291904E-010
           1 ,          73 ,   303.00000000000000      ,   2.0472179125541334E-009
           1 ,          74 ,   307.00000000000000      ,   5.4686397511077844E-010
           1 ,          75 ,   311.00000000000000      ,   1.1806760395749460E-009
           1 ,          76 ,   315.00000000000000      ,   3.1547061490888595E-010
           1 ,          77 ,   319.00000000000000      ,   6.8090223390160354E-010
           1 ,          78 ,   323.00000000000000      ,   1.8198021041471169E-010
           1 ,          79 ,   327.00000000000000      ,   3.9266933801740400E-010
           1 ,          80 ,   331.00000000000000      ,   1.0497296695083369E-010
           1 ,          81 ,   335.00000000000000      ,   2.2644447428277203E-010
           1 ,          82 ,   339.00000000000000      ,   6.0549188926617425E-011
           1 ,          83 ,   343.00000000000000      ,   1.3058033647428413E-010
           1 ,          84 ,   347.00000000000000      ,   3.4925630963689169E-011
           1 ,          85 ,   351.00000000000000      ,   7.5301148996786971E-011
           1 ,          86 ,   355.00000000000000      ,   2.0143734770494692E-011
           1 ,          87 ,   359.00000000000000      ,   4.3420374934433070E-011
           1 ,          88 ,   363.00000000000000      ,   1.1616726677821099E-011
           1 ,          89 ,   367.00000000000000      ,   2.5034283673841529E-011
           1 ,          90 ,   371.00000000000000      ,   6.6993320613217833E-012
           1 ,          91 ,   375.00000000000000      ,   1.4433759742971120E-011
           1 ,          92 ,   379.00000000000000      ,   3.8629056550720797E-012
           1 ,          93 ,   383.00000000000000      ,   8.3212811641253381E-012
           1 ,          94 ,   387.00000000000000      ,   2.2271438165910595E-012
           1 ,          95 ,   391.00000000000000      ,   4.7978600259401816E-012
           1 ,          96 ,   395.00000000000000      ,   1.5790146967731289E-013
           1 ,          97 ,   399.00000000000000      ,   3.3674452115661779E-014
           1 ,          98 ,   403.00000000000000      ,   1.5759268889858902E-013
           1 ,          99 ,   407.00000000000000      ,   3.3997110682193465E-014
           1 ,         100 ,   411.00000000000000      ,   1.5690834048731617E-013
           1 ,         101 ,   415.00000000000000      ,   3.3799352205932109E-014
           1 ,         102 ,   419.00000000000000      ,   1.5674007231014642E-013
           1 ,         103 ,   423.00000000000000      ,   3.3806291099836017E-014
           1 ,         104 ,   427.00000000000000      ,   1.5601755998240208E-013
           1 ,         105 ,   431.00000000000000      ,   3.3004848853934732E-014
           1 ,         106 ,   435.00000000000000      ,   1.5562030830640339E-013
           1 ,         107 ,   439.00000000000000      ,   3.3070768346021850E-014
           1 ,         108 ,   443.00000000000000      ,   1.5462544439293069E-013
           1 ,         109 ,   447.00000000000000      ,   3.3554756195819380E-014
           1 ,         110 ,   451.00000000000000      ,   1.5443982898100117E-013
           1 ,         111 ,   455.00000000000000      ,   3.3561695089723287E-014
           1 ,         112 ,   459.00000000000000      ,   1.5409895581797173E-013
           1 ,         113 ,   463.00000000000000      ,   3.2820968165481190E-014
           1 ,         114 ,   467.00000000000000      ,   1.5314312318270851E-013
           1 ,         115 ,   471.00000000000000      ,   3.3280669886615044E-014
           1 ,         116 ,   475.00000000000000      ,   1.5297832445249071E-013
           1 ,         117 ,   479.00000000000000      ,   3.2491370705045597E-014
           1 ,         118 ,   483.00000000000000      ,   1.5216387178051960E-013
           1 ,         119 ,   487.00000000000000      ,   3.2180855202845748E-014
           1 ,         120 ,   491.00000000000000      ,   1.5112303769493352E-013
           1 ,         121 ,   495.00000000000000      ,   3.1858196636314062E-014
           1 ,         122 ,   499.00000000000000      ,   1.5117421203747483E-013
           1 ,         123 ,   503.00000000000000      ,   3.2567698537988576E-014
           1 ,         124 ,   507.00000000000000      ,   1.5025220650999316E-013
           1 ,         125 ,   511.00000000000000      ,   3.1277064271861832E-014
           1 ,         126 ,   515.00000000000000      ,   1.4990265972958383E-013
           1 ,         127 ,   519.00000000000000      ,   3.2283203887928380E-014
           1 ,         128 ,   523.00000000000000      ,   1.4958260324826611E-013
           1 ,         129 ,   527.00000000000000      ,   3.1879013318025784E-014
           1 ,         130 ,   531.00000000000000      ,   1.4863197478343082E-013
           1 ,         131 ,   535.00000000000000      ,   3.1218083673678620E-014
           1 ,         132 ,   539.00000000000000      ,   1.4824773353350196E-013
           1 ,         133 ,   543.00000000000000      ,   3.1318697635285275E-014
           1 ,         134 ,   547.00000000000000      ,   1.4773078593766087E-013
           1 ,         135 ,   551.00000000000000      ,   3.1086244689504383E-014
           1 ,         136 ,   555.00000000000000      ,   1.4720603208617788E-013
           1 ,         137 ,   559.00000000000000      ,   3.0963079322710030E-014
           1 ,         138 ,   563.00000000000000      ,   1.4634647660383138E-013
           1 ,         139 ,   567.00000000000000      ,   3.0460009514676756E-014
           1 ,         140 ,   571.00000000000000      ,   1.4654163299487877E-013
           1 ,         141 ,   575.00000000000000      ,   3.1349922657852858E-014
           1 ,         142 ,   579.00000000000000      ,   1.4561008648827922E-013
           1 ,         143 ,   583.00000000000000      ,   3.1544211687162260E-014
           1 ,         144 ,   587.00000000000000      ,   1.4524579455832409E-013
           1 ,         145 ,   591.00000000000000      ,   3.0690727736981671E-014
           1 ,         146 ,   595.00000000000000      ,   1.4444088286547085E-013
           1 ,         147 ,   599.00000000000000      ,   3.0954405705330146E-014
           1 ,         148 ,   603.00000000000000      ,   1.4405924370075596E-013
           1 ,         149 ,   607.00000000000000      ,   3.0630012415322483E-014
           1 ,         150 ,   611.00000000000000      ,   1.4455797670009929E-013
           1 ,         151 ,   615.00000000000000      ,   3.0947466811426239E-014
           1 ,         152 ,   619.00000000000000      ,   1.4364204270478353E-013
           1 ,         153 ,   623.00000000000000      ,   3.0541541518047666E-014
           1 ,         154 ,   627.00000000000000      ,   1.4278942611634093E-013
           1 ,         155 ,   631.00000000000000      ,   3.0909302894954749E-014
           1 ,         156 ,   635.00000000000000      ,   1.4279116083981691E-013
           1 ,         157 ,   639.00000000000000      ,   3.0739299994309022E-014
           1 ,         158 ,   643.00000000000000      ,   1.4227681532918979E-013
           1 ,         159 ,   647.00000000000000      ,   3.0345517765262287E-014
           1 ,         160 ,   651.00000000000000      ,   1.4218314026148704E-013
           1 ,         161 ,   655.00000000000000      ,   3.0045410603918299E-014
           1 ,         162 ,   659.00000000000000      ,   1.4204956655383683E-013
           1 ,         163 ,   663.00000000000000      ,   2.9906632725840154E-014
           1 ,         164 ,   667.00000000000000      ,   1.4050739738369344E-013
           1 ,         165 ,   671.00000000000000      ,   3.0146024565524954E-014
           1 ,         166 ,   675.00000000000000      ,   1.4063403219743975E-013
           1 ,         167 ,   679.00000000000000      ,   2.9899693831936247E-014
           1 ,         168 ,   683.00000000000000      ,   1.4014657490069027E-013
           1 ,         169 ,   687.00000000000000      ,   2.9981225835307157E-014
           1 ,         170 ,   691.00000000000000      ,   1.3899818795959362E-013
           1 ,         171 ,   695.00000000000000      ,   2.9910102172792108E-014
           1 ,         172 ,   699.00000000000000      ,   1.3944314453118167E-013
           1 ,         173 ,   703.00000000000000      ,   2.9835509063325105E-014
           1 ,         174 ,   707.00000000000000      ,   1.3946569593636937E-013
           1 ,         175 ,   711.00000000000000      ,   3.0149494012476907E-014
           1 ,         176 ,   715.00000000000000      ,   1.3861828351835470E-013
           1 ,         177 ,   719.00000000000000      ,   2.9944796642311644E-014
           1 ,         178 ,   724.00000000000000      ,   1.3805449838866224E-013
           1 ,         179 ,   728.00000000000000      ,   2.9219682229353339E-014
           1 ,         180 ,   732.00000000000000      ,   1.3762255224314401E-013
           1 ,         181 ,   736.00000000000000      ,   2.9642954757491680E-014
           1 ,         182 ,   740.00000000000000      ,   1.3736668053043743E-013
           1 ,         183 ,   744.00000000000000      ,   2.9675914503535239E-014
           1 ,         184 ,   748.00000000000000      ,   1.3782204544288135E-013
           1 ,         185 ,   752.00000000000000      ,   2.9847652127656943E-014
           1 ,         186 ,   756.00000000000000      ,   1.3694427536403708E-013
           1 ,         187 ,   760.00000000000000      ,   2.9334173978767808E-014
           1 ,         188 ,   764.00000000000000      ,   1.3626166167624021E-013
           1 ,         189 ,   768.00000000000000      ,   2.9825100722469244E-014
           1 ,         190 ,   772.00000000000000      ,   1.3604135179479115E-013
           1 ,         191 ,   776.00000000000000      ,   2.8839777788114418E-014
           1 ,         192 ,   780.00000000000000      ,   1.3655569730541828E-013
           1 ,         193 ,   784.00000000000000      ,   2.8355789938316889E-014
           1 ,         194 ,   788.00000000000000      ,   1.3608558724342856E-013
           1 ,         195 ,   792.00000000000000      ,   2.8629876247521224E-014
           1 ,         196 ,   796.00000000000000      ,   1.3521215397327424E-013
           1 ,         197 ,   800.00000000000000      ,   2.8917840344533374E-014
           1 ,         198 ,   804.00000000000000      ,   1.3582104191334210E-013
           1 ,         199 ,   808.00000000000000      ,   2.9216212782401385E-014
           1 ,         200 ,   812.00000000000000      ,   1.3480275923294371E-013
           1 ,         201 ,   816.00000000000000      ,   2.8952534814052910E-014
           1 ,         202 ,   820.00000000000000      ,   1.3488949540674255E-013
           1 ,         203 ,   824.00000000000000      ,   2.8628141524045247E-014
           1 ,         204 ,   828.00000000000000      ,   1.3451999930635949E-013
           1 ,         205 ,   832.00000000000000      ,   2.9254376698872875E-014
           1 ,         206 ,   836.00000000000000      ,   1.3393886694190726E-013
           1 ,         207 ,   840.00000000000000      ,   2.8681917951800528E-014
           1 ,         208 ,   844.00000000000000      ,   1.3403861354177593E-013
           1 ,         209 ,   848.00000000000000      ,   2.8489363645967103E-014
           1 ,         210 ,   852.00000000000000      ,   1.3346095062427565E-013
           1 ,         211 ,   856.00000000000000      ,   2.8371402449600680E-014
           1 ,         212 ,   860.00000000000000      ,   1.3308625035346466E-013
           1 ,         213 ,   864.00000000000000      ,   2.8612529012761456E-014
           1 ,         214 ,   868.00000000000000      ,   1.3192832243325014E-013
           1 ,         215 ,   872.00000000000000      ,   2.8328034362701260E-014
           1 ,         216 ,   876.00000000000000      ,   1.3275491816955309E-013
           1 ,         217 ,   880.00000000000000      ,   2.8059152223924855E-014
           1 ,         218 ,   885.00000000000000      ,   1.3227786921365947E-013
           1 ,         219 ,   889.00000000000000      ,   2.8272523211470002E-014
           1 ,         220 ,   893.00000000000000      ,   1.3193439396541606E-013
           1 ,         221 ,   897.00000000000000      ,   2.8537935903294454E-014
           1 ,         222 ,   901.00000000000000      ,   1.3214516286774725E-013
           1 ,         223 ,   905.00000000000000      ,   2.8966412601860725E-014
           1 ,         224 ,   908.00000000000000      ,   1.3174704383001057E-013
           1 ,         225 ,   913.00000000000000      ,   2.7854454853759592E-014
           1 ,         226 ,   916.00000000000000      ,   1.3124744346892925E-013
           1 ,         227 ,   920.00000000000000      ,   2.8220481507190698E-014
           1 ,         228 ,   924.00000000000000      ,   1.3056743186634634E-013
           1 ,         229 ,   928.00000000000000      ,   2.8197930102002999E-014
           1 ,         230 ,   933.00000000000000      ,   1.3086060013378642E-013
           1 ,         231 ,   936.00000000000000      ,   2.8043539712641063E-014
           1 ,         232 ,   940.00000000000000      ,   1.3071748544701833E-013
           1 ,         233 ,   944.00000000000000      ,   2.8152827291627602E-014
           1 ,         234 ,   948.00000000000000      ,   1.2943379007479550E-013
           1 ,         235 ,   952.00000000000000      ,   2.7913435451942803E-014
           1 ,         236 ,   957.00000000000000      ,   1.2951445471642842E-013
           1 ,         237 ,   961.00000000000000      ,   2.7514449052468137E-014
           1 ,         238 ,   965.00000000000000      ,   1.2960292561370323E-013
           1 ,         239 ,   969.00000000000000      ,   2.7965477156222107E-014
           1 ,         240 ,   973.00000000000000      ,   1.2875204374873661E-013
           1 ,         241 ,   977.00000000000000      ,   2.7701799187873632E-014
           1 ,         242 ,   981.00000000000000      ,   1.2925684828024586E-013
           1 ,         243 ,   985.00000000000000      ,   2.8293339893181724E-014
           1 ,         244 ,   989.00000000000000      ,   1.2884398409296338E-013
           1 ,         245 ,   993.00000000000000      ,   2.7398222579577691E-014
           1 ,         246 ,   997.00000000000000      ,   1.2865750131929587E-013
           1 ,         247 ,   1001.0000000000000      ,   2.7540469904607789E-014
           1 ,         248 ,   1005.0000000000000      ,   1.2760365680763996E-013
           1 ,         249 ,   1009.0000000000000      ,   2.7597715779315024E-014
           1 ,         250 ,   1013.0000000000000      ,   1.2779707847521138E-013
           1 ,         251 ,   1017.0000000000000      ,   2.7708738081777540E-014
           1 ,         252 ,   1021.0000000000000      ,   1.2696354384500452E-013
           1 ,         253 ,   1025.0000000000000      ,   2.7483224029900555E-014
           1 ,         254 ,   1029.0000000000000      ,   1.2729227394370213E-013
           1 ,         255 ,   1033.0000000000000      ,   2.7909966004990849E-014
           1 ,         256 ,   1037.0000000000000      ,   1.2727926351763230E-013
           1 ,         257 ,   1041.0000000000000      ,   2.7517918499420091E-014
           1 ,         258 ,   1045.0000000000000      ,   1.2687420558599172E-013
           1 ,         259 ,   1049.0000000000000      ,   2.7058216778286237E-014
           1 ,         260 ,   1053.0000000000000      ,   1.2659057829766951E-013
           1 ,         261 ,   1057.0000000000000      ,   2.7169239080748753E-014
           1 ,         262 ,   1061.0000000000000      ,   1.2579867703088610E-013
           1 ,         263 ,   1065.0000000000000      ,   2.7729554763489261E-014
           1 ,         264 ,   1069.0000000000000      ,   1.2616383632257921E-013
           1 ,         265 ,   1073.0000000000000      ,   2.6929847241063953E-014
           1 ,         266 ,   1077.0000000000000      ,   1.2627312390156575E-013
           1 ,         267 ,   1081.0000000000000      ,   2.7776392297340635E-014
           1 ,         268 ,   1085.0000000000000      ,   1.2641623858833384E-013
           1 ,         269 ,   1089.0000000000000      ,   2.7738228380869145E-014
           1 ,         270 ,   1093.0000000000000      ,   1.2557836714943704E-013
           1 ,         271 ,   1097.0000000000000      ,   2.7419039261289413E-014
           1 ,         272 ,   1101.0000000000000      ,   1.2635205381972270E-013
           1 ,         273 ,   1105.0000000000000      ,   2.7731289486965238E-014
           1 ,         274 ,   1109.0000000000000      ,   1.2532509752194443E-013
           1 ,         275 ,   1113.0000000000000      ,   2.6870866642880742E-014
           1 ,         276 ,   1117.0000000000000      ,   1.2426518147812260E-013
           1 ,         277 ,   1121.0000000000000      ,   2.8267319041042072E-014
           1 ,         278 ,   1125.0000000000000      ,   1.2452972680820906E-013
           1 ,         279 ,   1129.0000000000000      ,   2.6987093115771188E-014
           1 ,         280 ,   1133.0000000000000      ,   1.2465549426021738E-013
           1 ,         281 ,   1137.0000000000000      ,   2.7110258482565541E-014
           1 ,         282 ,   1142.0000000000000      ,   1.2437793850406109E-013
           1 ,         283 ,   1146.0000000000000      ,   2.8100785587348298E-014
           1 ,         284 ,   1149.0000000000000      ,   1.2305868130058073E-013
           1 ,         285 ,   1153.0000000000000      ,   2.6308816236664256E-014
           1 ,         286 ,   1157.0000000000000      ,   1.2330067522547949E-013
           1 ,         287 ,   1161.0000000000000      ,   2.7186586315508521E-014
           1 ,         288 ,   1165.0000000000000      ,   1.2397808474284844E-013
           1 ,         289 ,   1169.0000000000000      ,   2.7281996106687245E-014
           1 ,         290 ,   1173.0000000000000      ,   1.2292944440162046E-013
           1 ,         291 ,   1177.0000000000000      ,   2.7408630920433552E-014
           1 ,         292 ,   1181.0000000000000      ,   1.2310118202574216E-013
           1 ,         293 ,   1185.0000000000000      ,   2.7221280785028057E-014
           1 ,         294 ,   1189.0000000000000      ,   1.2224162654339565E-013
           1 ,         295 ,   1193.0000000000000      ,   2.6830968002933275E-014
           1 ,         296 ,   1197.0000000000000      ,   1.2228759671550904E-013
           1 ,         297 ,   1201.0000000000000      ,   2.6659230378811571E-014
           1 ,         298 ,   1205.0000000000000      ,   1.2251484549086200E-013
           1 ,         299 ,   1209.0000000000000      ,   2.6940255581919814E-014
           1 ,         300 ,   1213.0000000000000      ,   1.2288173950603110E-013
           1 ,         301 ,   1217.0000000000000      ,   2.7260312063237535E-014
           1 ,         302 ,   1221.0000000000000      ,   1.2142890859490052E-013
           1 ,         303 ,   1225.0000000000000      ,   2.7448529560381019E-014
           1 ,         304 ,   1229.0000000000000      ,   1.2263367404896641E-013
           1 ,         305 ,   1233.0000000000000      ,   2.6851784684644997E-014
           1 ,         306 ,   1237.0000000000000      ,   1.2188861031603437E-013
           1 ,         307 ,   1241.0000000000000      ,   2.7738228380869145E-014
           1 ,         308 ,   1245.0000000000000      ,   1.2200310206544884E-013
           1 ,         309 ,   1249.0000000000000      ,   2.7082502906949912E-014
           1 ,         310 ,   1253.0000000000000      ,   1.2109584168751297E-013
           1 ,         311 ,   1257.0000000000000      ,   2.6895152771544417E-014
           1 ,         312 ,   1261.0000000000000      ,   1.2046960651268535E-013
           1 ,         313 ,   1265.0000000000000      ,   2.6636678973623873E-014
           1 ,         314 ,   1269.0000000000000      ,   1.2011051875315815E-013
           1 ,         315 ,   1273.0000000000000      ,   2.6803212427317646E-014
