           5 ,           2 ,   2.0000000000000000      ,  0.81552568347920373     
           5 ,           3 ,   2.0000000000000000      ,  0.53792622687531844     
           5 ,           4 ,   3.0000000000000000      ,  0.36835582369441927     
           5 ,           5 ,   4.0000000000000000      ,  0.29538966943513817     
           5 ,           6 ,   5.0000000000000000      ,  0.21957832020312104     
           5 ,           7 ,   5.0000000000000000      ,  0.18579272103026723     
           5 ,           8 ,   6.0000000000000000      ,  0.13208710385206049     
           5 ,           9 ,   7.0000000000000000      ,  0.11588813707443765     
           5 ,          10 ,   7.0000000000000000      ,   9.8420404996567470E-002
           5 ,          11 ,   8.0000000000000000      ,  0.13139216885148849     
           5 ,          12 ,   9.0000000000000000      ,  0.10324697716721086     
           5 ,          13 ,   10.000000000000000      ,  0.11151719974774381     
           5 ,          14 ,   10.000000000000000      ,   4.7287163876303648E-002
           5 ,          15 ,   11.000000000000000      ,  0.11158564158221274     
           5 ,          16 ,   12.000000000000000      ,   5.6815500363810292E-002
           5 ,          17 ,   13.000000000000000      ,   5.7643229249289399E-002
           5 ,          18 ,   13.000000000000000      ,   5.7857836979065672E-002
           5 ,          19 ,   14.000000000000000      ,   8.8725773774198186E-002
           5 ,          20 ,   15.000000000000000      ,   4.2364955021188123E-002
           5 ,          21 ,   15.000000000000000      ,   3.6679554107881512E-002
           5 ,          22 ,   16.000000000000000      ,   3.7888661626730172E-002
           5 ,          23 ,   17.000000000000000      ,   9.9922332599751168E-002
           5 ,          24 ,   18.000000000000000      ,   4.6824091385980308E-002
           5 ,          25 ,   18.000000000000000      ,   4.8715629303765128E-002
           5 ,          26 ,   19.000000000000000      ,   2.0452749166567571E-002
           5 ,          27 ,   20.000000000000000      ,   1.8949771778069543E-002
           5 ,          28 ,   21.000000000000000      ,   8.5288577764148586E-003
           5 ,          29 ,   21.000000000000000      ,   9.4981790287482441E-003
           5 ,          30 ,   22.000000000000000      ,   5.5368418318400073E-003
           5 ,          31 ,   23.000000000000000      ,   9.2376952793813954E-003
           5 ,          32 ,   23.000000000000000      ,   6.8677147939807609E-003
           5 ,          33 ,   24.000000000000000      ,   1.1932671377540909E-002
           5 ,          34 ,   25.000000000000000      ,   8.8213329681338694E-003
           5 ,          35 ,   26.000000000000000      ,   1.5041406003684071E-002
           5 ,          36 ,   26.000000000000000      ,   1.0897914091637068E-002
           5 ,          37 ,   27.000000000000000      ,   1.7990488422128394E-002
           5 ,          38 ,   28.000000000000000      ,   1.2646134571909651E-002
           5 ,          39 ,   29.000000000000000      ,   1.9984429462708099E-002
           5 ,          40 ,   29.000000000000000      ,   1.3526436385706006E-002
           5 ,          41 ,   30.000000000000000      ,   2.0340719550286421E-002
           5 ,          42 ,   31.000000000000000      ,   1.3233193079936747E-002
           5 ,          43 ,   31.000000000000000      ,   1.8980587111158180E-002
           5 ,          44 ,   32.000000000000000      ,   1.1925372910566858E-002
           5 ,          45 ,   33.000000000000000      ,   1.6460752808630755E-002
           5 ,          46 ,   34.000000000000000      ,   1.0071992619046505E-002
           5 ,          47 ,   34.000000000000000      ,   1.3526574718372597E-002
           5 ,          48 ,   35.000000000000000      ,   8.1288988867253519E-003
           5 ,          49 ,   36.000000000000000      ,   1.0723425155887364E-002
           5 ,          50 ,   36.000000000000000      ,   6.3714254608577322E-003
           5 ,          51 ,   37.000000000000000      ,   8.3129643207668861E-003
           5 ,          52 ,   38.000000000000000      ,   4.9054949487394410E-003
           5 ,          53 ,   39.000000000000000      ,   6.3586632634166059E-003
           5 ,          54 ,   39.000000000000000      ,   3.7372679650605339E-003
           5 ,          55 ,   40.000000000000000      ,   4.8260843326681886E-003
           5 ,          56 ,   41.000000000000000      ,   2.8300206637643568E-003
           5 ,          57 ,   42.000000000000000      ,   3.6466606079093920E-003
           5 ,          58 ,   42.000000000000000      ,   2.1356618694462828E-003
           5 ,          59 ,   43.000000000000000      ,   2.7486138883318170E-003
           5 ,          60 ,   44.000000000000000      ,   1.6085866488429485E-003
           5 ,          61 ,   44.000000000000000      ,   2.0688844507962554E-003
           5 ,          62 ,   45.000000000000000      ,   1.2103290800945087E-003
           5 ,          63 ,   46.000000000000000      ,   1.5561058893071075E-003
           5 ,          64 ,   47.000000000000000      ,   9.1017203997398322E-004
           5 ,          65 ,   47.000000000000000      ,   1.1699793129001652E-003
           5 ,          66 ,   48.000000000000000      ,   6.8426552008085673E-004
           5 ,          67 ,   49.000000000000000      ,   8.7950907618537192E-004
           5 ,          68 ,   50.000000000000000      ,   5.1436778462610709E-004
           5 ,          69 ,   50.000000000000000      ,   6.6110980346988915E-004
           5 ,          70 ,   51.000000000000000      ,   3.8664057443806368E-004
           5 ,          71 ,   52.000000000000000      ,   4.9694009625349169E-004
           5 ,          72 ,   52.000000000000000      ,   2.9063324929091451E-004
           5 ,          73 ,   53.000000000000000      ,   3.7354708536133617E-004
           5 ,          74 ,   54.000000000000000      ,   2.1847286132711113E-004
           5 ,          75 ,   55.000000000000000      ,   2.8080468255651473E-004
           5 ,          76 ,   55.000000000000000      ,   1.6423618990600228E-004
           5 ,          77 ,   56.000000000000000      ,   2.1109795347008407E-004
           5 ,          78 ,   57.000000000000000      ,   1.2346996327882928E-004
           5 ,          79 ,   58.000000000000000      ,   1.5870306428237028E-004
           5 ,          80 ,   58.000000000000000      ,   9.2827194990000028E-005
           5 ,          81 ,   59.000000000000000      ,   1.1931856985683813E-004
           5 ,          82 ,   60.000000000000000      ,   6.9792719913946977E-005
           5 ,          83 ,   60.000000000000000      ,   8.9712192385060611E-005
           5 ,          84 ,   61.000000000000000      ,   5.2476533900575745E-005
           5 ,          85 ,   62.000000000000000      ,   6.7455072191138603E-005
           5 ,          86 ,   63.000000000000000      ,   3.9458379181119690E-005
           5 ,          87 ,   63.000000000000000      ,   5.0722000578996493E-005
           5 ,          88 ,   64.000000000000000      ,   2.9670941919334934E-005
           5 ,          89 ,   65.000000000000000      ,   3.8141315096443945E-005
           5 ,          90 ,   66.000000000000000      ,   2.2312094559332613E-005
           5 ,          91 ,   66.000000000000000      ,   2.8682131187448851E-005
           5 ,          92 ,   67.000000000000000      ,   1.6778967803210247E-005
           5 ,          93 ,   68.000000000000000      ,   2.1569627125380634E-005
           5 ,          94 ,   68.000000000000000      ,   1.2618422546036186E-005
           5 ,          95 ,   69.000000000000000      ,   1.6221402011639546E-005
           5 ,          96 ,   70.000000000000000      ,   9.4898406930218199E-006
           5 ,          97 ,   71.000000000000000      ,   1.2199662082673039E-005
           5 ,          98 ,   71.000000000000000      ,   7.1371689595988580E-006
           5 ,          99 ,   72.000000000000000      ,   9.1752958946626599E-006
           5 ,         100 ,   73.000000000000000      ,   5.3679130069921033E-006
           5 ,         101 ,   74.000000000000000      ,   6.9008800961186008E-006
           5 ,         102 ,   74.000000000000000      ,   4.0373526831831430E-006
           5 ,         103 ,   75.000000000000000      ,   5.1903940360628620E-006
           5 ,         104 ,   76.000000000000000      ,   3.0366797072745033E-006
           5 ,         105 ,   76.000000000000000      ,   3.9039747004201812E-006
           5 ,         106 ,   77.000000000000000      ,   2.2840823830473991E-006
           5 ,         107 ,   78.000000000000000      ,   2.9364587095727541E-006
           5 ,         108 ,   79.000000000000000      ,   1.7180447270098015E-006
           5 ,         109 ,   79.000000000000000      ,   2.2087700614556449E-006
           5 ,         110 ,   80.000000000000000      ,   1.2923096296465347E-006
           5 ,         111 ,   81.000000000000000      ,   1.6614463642350939E-006
           5 ,         112 ,   82.000000000000000      ,   9.7209259797281788E-007
           5 ,         113 ,   82.000000000000000      ,   1.2497723090943227E-006
           5 ,         114 ,   83.000000000000000      ,   7.3123537579732056E-007
           5 ,         115 ,   84.000000000000000      ,   9.4012109834538254E-007
           5 ,         116 ,   84.000000000000000      ,   5.5006605812098208E-007
           5 ,         117 ,   85.000000000000000      ,   7.0720388557462058E-007
           5 ,         118 ,   86.000000000000000      ,   4.1379021913437453E-007
           5 ,         119 ,   87.000000000000000      ,   5.3200173567250625E-007
           5 ,         120 ,   87.000000000000000      ,   3.1128125256053851E-007
           5 ,         121 ,   88.000000000000000      ,   4.0021069625277225E-007
           5 ,         122 ,   89.000000000000000      ,   2.3417080458922046E-007
           5 ,         123 ,   90.000000000000000      ,   3.0107260496617036E-007
           5 ,         124 ,   90.000000000000000      ,   1.7616485269329740E-007
           5 ,         125 ,   91.000000000000000      ,   2.2649593396824319E-007
           5 ,         126 ,   92.000000000000000      ,   1.3252940003413705E-007
           5 ,         127 ,   92.000000000000000      ,   1.7039463495087739E-007
           5 ,         128 ,   93.000000000000000      ,   9.9703727007155463E-008
           5 ,         129 ,   94.000000000000000      ,   1.2819099710556503E-007
           5 ,         130 ,   95.000000000000000      ,   7.5009539839826500E-008
           5 ,         131 ,   95.000000000000000      ,   9.6441727593949561E-008
           5 ,         132 ,   96.000000000000000      ,   5.6432245361046074E-008
           5 ,         133 ,   96.000000000000000      ,   7.2556790370152668E-008
           5 ,         134 ,   97.000000000000000      ,   4.2456446584099305E-008
           5 ,         135 ,   98.000000000000000      ,   5.4587920059624012E-008
           5 ,         136 ,   98.000000000000000      ,   3.1942230933196258E-008
           5 ,         137 ,   99.000000000000000      ,   4.1069578219157798E-008
           5 ,         138 ,   100.00000000000000      ,   2.4032112003538608E-008
           5 ,         139 ,   100.00000000000000      ,   3.0899321825598319E-008
           5 ,         140 ,   101.00000000000000      ,   1.8081045008444541E-008
           5 ,         141 ,   102.00000000000000      ,   2.3247834061036060E-008
           5 ,         142 ,   102.00000000000000      ,   1.3603788972041397E-008
           5 ,         143 ,   103.00000000000000      ,   1.7491245213937384E-008
           5 ,         144 ,   104.00000000000000      ,   1.0235305087855084E-008
           5 ,         145 ,   104.00000000000000      ,   1.3160228325929252E-008
           5 ,         146 ,   105.00000000000000      ,   7.7009815364903478E-009
           5 ,         147 ,   106.00000000000000      ,   9.9017164680199887E-009
           5 ,         148 ,   106.00000000000000      ,   5.7942286298823253E-009
           5 ,         149 ,   107.00000000000000      ,   7.4500895010445878E-009
           5 ,         150 ,   107.00000000000000      ,   4.3596232752324271E-009
           5 ,         151 ,   108.00000000000000      ,   5.6055253399092675E-009
           5 ,         152 ,   109.00000000000000      ,   3.2802438092172093E-009
           5 ,         153 ,   109.00000000000000      ,   4.2176954658836030E-009
           5 ,         154 ,   110.00000000000000      ,   2.4681258026931774E-009
           5 ,         155 ,   111.00000000000000      ,   3.1734945431065309E-009
           5 ,         156 ,   111.00000000000000      ,   1.8570856848837414E-009
           5 ,         157 ,   112.00000000000000      ,   2.3878330675589088E-009
           5 ,         158 ,   113.00000000000000      ,   1.3973335509509521E-009
           5 ,         159 ,   113.00000000000000      ,   1.7966914137024226E-009
           5 ,         160 ,   114.00000000000000      ,   1.0514094456182121E-009
           5 ,         161 ,   115.00000000000000      ,   1.3519071847233055E-009
           5 ,         162 ,   115.00000000000000      ,   7.9112844747486477E-010
           5 ,         163 ,   116.00000000000000      ,   1.0172253824859701E-009
           5 ,         164 ,   117.00000000000000      ,   5.9527937266989905E-010
           5 ,         165 ,   117.00000000000000      ,   7.6541088050996464E-010
           5 ,         166 ,   118.00000000000000      ,   4.4791735598348481E-010
           5 ,         167 ,   119.00000000000000      ,   5.7593448022849603E-010
           5 ,         168 ,   119.00000000000000      ,   3.3703793748951494E-010
           5 ,         169 ,   120.00000000000000      ,   4.3336680251304660E-010
           5 ,         170 ,   121.00000000000000      ,   2.5360608751912039E-010
           5 ,         171 ,   121.00000000000000      ,   3.2608915827986307E-010
           5 ,         172 ,   122.00000000000000      ,   1.9082978253148752E-010
           5 ,         173 ,   123.00000000000000      ,   2.4537221950463040E-010
           5 ,         174 ,   123.00000000000000      ,   1.4359414698961182E-010
           5 ,         175 ,   124.00000000000000      ,   1.8463697324527795E-010
           5 ,         176 ,   125.00000000000000      ,   1.0804391062380070E-010
           5 ,         177 ,   125.00000000000000      ,   1.3892652436439668E-010
           5 ,         178 ,   126.00000000000000      ,   8.1296285675547253E-011
           5 ,         179 ,   126.00000000000000      ,   1.0453367772084166E-010
           5 ,         180 ,   127.00000000000000      ,   6.1170339626936965E-011
           5 ,         181 ,   128.00000000000000      ,   7.8654994409982359E-011
           5 ,         182 ,   128.00000000000000      ,   4.6026167252466443E-011
           5 ,         183 ,   129.00000000000000      ,   5.9182234200122474E-011
           5 ,         184 ,   130.00000000000000      ,   3.4629916989548093E-011
           5 ,         185 ,   130.00000000000000      ,   4.4529479496097091E-011
           5 ,         186 ,   131.00000000000000      ,   2.6056098251237003E-011
           5 ,         187 ,   132.00000000000000      ,   3.3507231711471519E-011
           5 ,         188 ,   132.00000000000000      ,   1.9603261722234144E-011
           5 ,         189 ,   133.00000000000000      ,   2.5204844288084782E-011
           5 ,         190 ,   134.00000000000000      ,   1.4745411489047733E-011
           5 ,         191 ,   134.00000000000000      ,   1.8959964674658547E-011
           5 ,         192 ,   135.00000000000000      ,   1.1092371812737589E-011
           5 ,         193 ,   136.00000000000000      ,   1.4261493895550981E-011
           5 ,         194 ,   136.00000000000000      ,   8.3427674490987869E-012
           5 ,         195 ,   137.00000000000000      ,   1.0726804861027617E-011
           5 ,         196 ,   138.00000000000000      ,   6.2744739959263995E-012
           5 ,         197 ,   138.00000000000000      ,   8.0668319246690601E-012
           5 ,         198 ,   139.00000000000000      ,   4.7181807072416149E-012
           5 ,         199 ,   140.00000000000000      ,   6.0666983589530155E-012
           5 ,         200 ,   140.00000000000000      ,   3.5487012634005666E-012
           5 ,         201 ,   141.00000000000000      ,   4.5625577968499975E-012
           5 ,         202 ,   142.00000000000000      ,   2.6693144222766918E-012
           5 ,         203 ,   142.00000000000000      ,   3.4319378935943057E-012
           5 ,         204 ,   143.00000000000000      ,   2.0073491480143701E-012
           5 ,         205 ,   144.00000000000000      ,   2.5682598409071389E-012
           5 ,         206 ,   144.00000000000000      ,   1.5030945238470039E-012
           5 ,         207 ,   145.00000000000000      ,   1.9226347944267808E-012
           5 ,         208 ,   145.00000000000000      ,   1.1220833290304100E-012
           5 ,         209 ,   146.00000000000000      ,   1.4355873260984975E-012
           5 ,         210 ,   147.00000000000000      ,   8.3854451160547683E-013
           5 ,         211 ,   147.00000000000000      ,   1.0717347148636591E-012
           5 ,         212 ,   148.00000000000000      ,   6.2553955071376066E-013
           5 ,         213 ,   149.00000000000000      ,   7.9846199096955672E-013
           5 ,         214 ,   149.00000000000000      ,   4.6627111893737805E-013
           5 ,         215 ,   150.00000000000000      ,   5.9590310116930389E-013
           5 ,         216 ,   151.00000000000000      ,   3.4780685276292189E-013
           5 ,         217 ,   151.00000000000000      ,   4.4770697565921225E-013
           5 ,         218 ,   152.00000000000000      ,   2.6163446409377400E-013
           5 ,         219 ,   153.00000000000000      ,   3.3783739694648318E-013
           5 ,         220 ,   153.00000000000000      ,   1.9051080157872491E-013
           5 ,         221 ,   154.00000000000000      ,   2.4619455779584243E-013
           5 ,         222 ,   155.00000000000000      ,   1.3597629966444202E-013
           5 ,         223 ,   155.00000000000000      ,   1.7512987587897655E-013
           5 ,         224 ,   156.00000000000000      ,   9.7982386093597995E-014
           5 ,         225 ,   157.00000000000000      ,   1.2638371252315928E-013
           5 ,         226 ,   157.00000000000000      ,   6.9987418638284282E-014
           5 ,         227 ,   158.00000000000000      ,   8.9902044142498028E-014
           5 ,         228 ,   159.00000000000000      ,   5.1359957953245328E-014
           5 ,         229 ,   159.00000000000000      ,   6.8466933511590611E-014
           5 ,         230 ,   160.00000000000000      ,   4.0557834868337750E-014
           5 ,         231 ,   161.00000000000000      ,   5.2835773950432596E-014
           5 ,         232 ,   161.00000000000000      ,   2.9781732635569824E-014
           5 ,         233 ,   162.00000000000000      ,   3.7578880979216578E-014
           5 ,         234 ,   163.00000000000000      ,   2.0459328675670463E-014
           5 ,         235 ,   163.00000000000000      ,   2.6244631468053115E-014
           5 ,         236 ,   164.00000000000000      ,   1.5326281910255091E-014
           5 ,         237 ,   164.00000000000000      ,   3.9629757808690158E-015
           5 ,         238 ,   165.00000000000000      ,   2.0435042547006788E-015
           5 ,         239 ,   166.00000000000000      ,   2.3835100559921329E-015
           5 ,         240 ,   166.00000000000000      ,   2.4511642715552284E-015
           5 ,         241 ,   167.00000000000000      ,   2.0521778720805628E-015
           5 ,         242 ,   168.00000000000000      ,   2.2482016248659420E-015
           5 ,         243 ,   168.00000000000000      ,   2.2117724318704290E-015
           5 ,         244 ,   169.00000000000000      ,   2.5665233827076861E-015
           5 ,         245 ,   170.00000000000000      ,   3.3618940964430521E-015
           5 ,         246 ,   170.00000000000000      ,   2.5535129566378600E-015
           5 ,         247 ,   171.00000000000000      ,   2.7252505807595639E-015
           5 ,         248 ,   172.00000000000000      ,   2.2447321779139884E-015
           5 ,         249 ,   172.00000000000000      ,   2.1354445989274495E-015
           5 ,         250 ,   173.00000000000000      ,   2.8471149049469346E-015
           5 ,         251 ,   174.00000000000000      ,   2.6090241078691179E-015
           5 ,         252 ,   174.00000000000000      ,   2.9403562917806880E-015
           5 ,         253 ,   175.00000000000000      ,   3.1398494915180208E-015
           5 ,         254 ,   176.00000000000000      ,   1.9394208461420703E-015
           5 ,         255 ,   176.00000000000000      ,   2.2429974544380116E-015
           5 ,         256 ,   177.00000000000000      ,   2.9455604622086184E-015
           5 ,         257 ,   178.00000000000000      ,   2.5882074261573962E-015
           5 ,         258 ,   178.00000000000000      ,   2.7304547511874944E-015
           5 ,         259 ,   179.00000000000000      ,   3.1918911957973251E-015
           5 ,         260 ,   180.00000000000000      ,   2.8935187579293142E-015
           5 ,         261 ,   180.00000000000000      ,   2.3869795029440866E-015
           5 ,         262 ,   181.00000000000000      ,   2.4581031654591357E-015
           5 ,         263 ,   181.00000000000000      ,   3.0895425107146934E-015
           5 ,         264 ,   182.00000000000000      ,   3.0149494012476907E-015
           5 ,         265 ,   183.00000000000000      ,   2.7373936450914016E-015
           5 ,         266 ,   183.00000000000000      ,   2.5847379792054426E-015
           5 ,         267 ,   184.00000000000000      ,   3.0427049768633196E-015
           5 ,         268 ,   185.00000000000000      ,   2.6020852139652106E-015
           5 ,         269 ,   185.00000000000000      ,   2.8883145875013838E-015
           5 ,         270 ,   186.00000000000000      ,   2.5673907444456745E-015
           5 ,         271 ,   187.00000000000000      ,   3.0739299994309022E-015
           5 ,         272 ,   187.00000000000000      ,   2.4494295480792516E-015
           5 ,         273 ,   188.00000000000000      ,   3.0097452308197603E-015
           5 ,         274 ,   189.00000000000000      ,   2.6792804086461786E-015
           5 ,         275 ,   189.00000000000000      ,   2.2898349882893854E-015
           5 ,         276 ,   190.00000000000000      ,   2.4615726124110893E-015
           5 ,         277 ,   191.00000000000000      ,   2.9160701631170127E-015
           5 ,         278 ,   191.00000000000000      ,   2.5222879340702775E-015
           5 ,         279 ,   192.00000000000000      ,   2.6263713426288859E-015
           5 ,         280 ,   193.00000000000000      ,   2.4424906541753444E-015
           5 ,         281 ,   193.00000000000000      ,   2.5136143166903935E-015
           5 ,         282 ,   194.00000000000000      ,   2.6090241078691179E-015
           5 ,         283 ,   195.00000000000000      ,   2.5899421496333730E-015
           5 ,         284 ,   195.00000000000000      ,   2.5049406993105094E-015
