           3 ,           2 ,   2.0000000000000000      ,  0.81552568347921639     
           3 ,           3 ,   3.0000000000000000      ,  0.53792622687533054     
           3 ,           4 ,   4.0000000000000000      ,  0.36835582369435826     
           3 ,           5 ,   4.0000000000000000      ,  0.29538966943507416     
           3 ,           6 ,   5.0000000000000000      ,  0.21957832020312623     
           3 ,           7 ,   6.0000000000000000      ,  0.18579272103032002     
           3 ,           8 ,   7.0000000000000000      ,  0.13208710385203304     
           3 ,           9 ,   7.0000000000000000      ,  0.11588813707436521     
           3 ,          10 ,   8.0000000000000000      ,   9.8420404996494432E-002
           3 ,          11 ,   9.0000000000000000      ,  0.13139216885138627     
           3 ,          12 ,   10.000000000000000      ,  0.10324697716735617     
           3 ,          13 ,   10.000000000000000      ,  0.11151719974745647     
           3 ,          14 ,   11.000000000000000      ,   4.7287163876320988E-002
           3 ,          15 ,   12.000000000000000      ,  0.11158564158217781     
           3 ,          16 ,   12.000000000000000      ,   5.6815500363597012E-002
           3 ,          17 ,   13.000000000000000      ,   5.7643229248730068E-002
           3 ,          18 ,   14.000000000000000      ,   5.7857836979421484E-002
           3 ,          19 ,   15.000000000000000      ,   8.8725773773804209E-002
           3 ,          20 ,   15.000000000000000      ,   4.2364955021233407E-002
           3 ,          21 ,   16.000000000000000      ,   3.6679554108360206E-002
           3 ,          22 ,   17.000000000000000      ,   3.7888661627968889E-002
           3 ,          23 ,   18.000000000000000      ,   9.9922332601142611E-002
           3 ,          24 ,   18.000000000000000      ,   4.6824091385423289E-002
           3 ,          25 ,   19.000000000000000      ,   4.8715629303268108E-002
           3 ,          26 ,   20.000000000000000      ,   2.0452749166169952E-002
           3 ,          27 ,   20.000000000000000      ,   1.8949771777681944E-002
           3 ,          28 ,   21.000000000000000      ,   8.5288577762485350E-003
           3 ,          29 ,   22.000000000000000      ,   9.4981790285867135E-003
           3 ,          30 ,   23.000000000000000      ,   5.5368418317388287E-003
           3 ,          31 ,   23.000000000000000      ,   9.2376952790866433E-003
           3 ,          32 ,   24.000000000000000      ,   6.8677147937104034E-003
           3 ,          33 ,   25.000000000000000      ,   1.1932671376955088E-002
           3 ,          34 ,   26.000000000000000      ,   8.8213329676185542E-003
           3 ,          35 ,   26.000000000000000      ,   1.5041406002666223E-002
           3 ,          36 ,   27.000000000000000      ,   1.0897914090824051E-002
           3 ,          37 ,   28.000000000000000      ,   1.7990488420657917E-002
           3 ,          38 ,   28.000000000000000      ,   1.2646134570841667E-002
           3 ,          39 ,   29.000000000000000      ,   1.9984429461032099E-002
           3 ,          40 ,   30.000000000000000      ,   1.3526436384595837E-002
           3 ,          41 ,   30.000000000000000      ,   2.0340719548710542E-002
           3 ,          42 ,   31.000000000000000      ,   1.3233193078985517E-002
           3 ,          43 ,   32.000000000000000      ,   1.8980587109970845E-002
           3 ,          44 ,   32.000000000000000      ,   1.1925372909918058E-002
           3 ,          45 ,   33.000000000000000      ,   1.6460752807902108E-002
           3 ,          46 ,   34.000000000000000      ,   1.0071992618677790E-002
           3 ,          47 ,   34.000000000000000      ,   1.3526574717980751E-002
           3 ,          48 ,   35.000000000000000      ,   8.1288988865360241E-003
           3 ,          49 ,   36.000000000000000      ,   1.0723425155662056E-002
           3 ,          50 ,   36.000000000000000      ,   6.3714254607433324E-003
           3 ,          51 ,   37.000000000000000      ,   8.3129643206450859E-003
           3 ,          52 ,   37.000000000000000      ,   4.9054949486856628E-003
           3 ,          53 ,   38.000000000000000      ,   6.3586632633608423E-003
           3 ,          54 ,   39.000000000000000      ,   3.7372679650385082E-003
           3 ,          55 ,   39.000000000000000      ,   4.8260843326479678E-003
           3 ,          56 ,   40.000000000000000      ,   2.8300206637600668E-003
           3 ,          57 ,   41.000000000000000      ,   3.6466606079102316E-003
           3 ,          58 ,   41.000000000000000      ,   2.1356618694470964E-003
           3 ,          59 ,   42.000000000000000      ,   2.7486138883400938E-003
           3 ,          60 ,   43.000000000000000      ,   1.6085866488474154E-003
           3 ,          61 ,   43.000000000000000      ,   2.0688844508091569E-003
           3 ,          62 ,   44.000000000000000      ,   1.2103290800990736E-003
           3 ,          63 ,   45.000000000000000      ,   1.5561058893111272E-003
           3 ,          64 ,   45.000000000000000      ,   9.1017203997573702E-004
           3 ,          65 ,   46.000000000000000      ,   1.1699793129031485E-003
           3 ,          66 ,   46.000000000000000      ,   6.8426552008275972E-004
           3 ,          67 ,   47.000000000000000      ,   8.7950907618614431E-004
           3 ,          68 ,   48.000000000000000      ,   5.1436778462823560E-004
           3 ,          69 ,   48.000000000000000      ,   6.6110980347198556E-004
           3 ,          70 ,   49.000000000000000      ,   3.8664057444198242E-004
           3 ,          71 ,   50.000000000000000      ,   4.9694009625992621E-004
           3 ,          72 ,   50.000000000000000      ,   2.9063324929559306E-004
           3 ,          73 ,   51.000000000000000      ,   3.7354708536836527E-004
           3 ,          74 ,   52.000000000000000      ,   2.1847286133210020E-004
           3 ,          75 ,   52.000000000000000      ,   2.8080468256644255E-004
           3 ,          76 ,   53.000000000000000      ,   1.6423618991272260E-004
           3 ,          77 ,   54.000000000000000      ,   2.1109795348063336E-004
           3 ,          78 ,   54.000000000000000      ,   1.2346996328602144E-004
           3 ,          79 ,   55.000000000000000      ,   1.5870306429416250E-004
           3 ,          80 ,   56.000000000000000      ,   9.2827194997511381E-005
           3 ,          81 ,   56.000000000000000      ,   1.1931856988187410E-004
           3 ,          82 ,   57.000000000000000      ,   6.9792719935695205E-005
           3 ,          83 ,   57.000000000000000      ,   8.9712192415496335E-005
           3 ,          84 ,   58.000000000000000      ,   5.2476533926570576E-005
           3 ,          85 ,   59.000000000000000      ,   6.7455072225551180E-005
           3 ,          86 ,   59.000000000000000      ,   3.9458379207794533E-005
           3 ,          87 ,   60.000000000000000      ,   5.0722000616110902E-005
           3 ,          88 ,   61.000000000000000      ,   2.9670941944941187E-005
           3 ,          89 ,   61.000000000000000      ,   3.8141315143429798E-005
           3 ,          90 ,   62.000000000000000      ,   2.2312094590106607E-005
           3 ,          91 ,   63.000000000000000      ,   2.8682131238103644E-005
           3 ,          92 ,   63.000000000000000      ,   1.6778967834098733E-005
           3 ,          93 ,   64.000000000000000      ,   2.1569627164997381E-005
           3 ,          94 ,   65.000000000000000      ,   1.2618422571187074E-005
           3 ,          95 ,   65.000000000000000      ,   1.6221402044066299E-005
           3 ,          96 ,   66.000000000000000      ,   9.4898407130335899E-006
           3 ,          97 ,   66.000000000000000      ,   1.2199662109181348E-005
           3 ,          98 ,   67.000000000000000      ,   7.1371689777336572E-006
           3 ,          99 ,   68.000000000000000      ,   9.1752959178281572E-006
           3 ,         100 ,   68.000000000000000      ,   5.3679130204604963E-006
           3 ,         101 ,   69.000000000000000      ,   6.9008801146254982E-006
           3 ,         102 ,   70.000000000000000      ,   4.0373526948127292E-006
           3 ,         103 ,   70.000000000000000      ,   5.1903940514637370E-006
           3 ,         104 ,   71.000000000000000      ,   3.0366797162777182E-006
           3 ,         105 ,   72.000000000000000      ,   3.9039747111147514E-006
           3 ,         106 ,   72.000000000000000      ,   2.2840823901276730E-006
           3 ,         107 ,   73.000000000000000      ,   2.9364587194233814E-006
           3 ,         108 ,   74.000000000000000      ,   1.7180447321116232E-006
           3 ,         109 ,   74.000000000000000      ,   2.2087700688121735E-006
           3 ,         110 ,   75.000000000000000      ,   1.2923096353659180E-006
           3 ,         111 ,   76.000000000000000      ,   1.6614463716167760E-006
           3 ,         112 ,   76.000000000000000      ,   9.7209260277106302E-007
           3 ,         113 ,   77.000000000000000      ,   1.2497723155960663E-006
           3 ,         114 ,   77.000000000000000      ,   7.3123537990514575E-007
           3 ,         115 ,   78.000000000000000      ,   9.4012110439696539E-007
           3 ,         116 ,   79.000000000000000      ,   5.5006606181767781E-007
           3 ,         117 ,   79.000000000000000      ,   7.0720388928085728E-007
           3 ,         118 ,   80.000000000000000      ,   4.1379022164104995E-007
           3 ,         119 ,   81.000000000000000      ,   5.3200173679313761E-007
           3 ,         120 ,   81.000000000000000      ,   3.1128125356147396E-007
           3 ,         121 ,   82.000000000000000      ,   4.0021069851008118E-007
           3 ,         122 ,   83.000000000000000      ,   2.3417080847153160E-007
           3 ,         123 ,   83.000000000000000      ,   3.0107261417581729E-007
           3 ,         124 ,   84.000000000000000      ,   1.7616485813339022E-007
           3 ,         125 ,   85.000000000000000      ,   2.2649594491434832E-007
           3 ,         126 ,   85.000000000000000      ,   1.3252940871642804E-007
           3 ,         127 ,   86.000000000000000      ,   1.7039465021601030E-007
           3 ,         128 ,   86.000000000000000      ,   9.9703735940981364E-008
           3 ,         129 ,   87.000000000000000      ,   1.2819101019839046E-007
           3 ,         130 ,   88.000000000000000      ,   7.5009547906290663E-008
           3 ,         131 ,   88.000000000000000      ,   9.6441738452451159E-008
           3 ,         132 ,   89.000000000000000      ,   5.6432251272983680E-008
           3 ,         133 ,   90.000000000000000      ,   7.2556799083668688E-008
           3 ,         134 ,   90.000000000000000      ,   4.2456450915703825E-008
           3 ,         135 ,   91.000000000000000      ,   5.4587925809798654E-008
           3 ,         136 ,   92.000000000000000      ,   3.1942233894369232E-008
           3 ,         137 ,   92.000000000000000      ,   4.1069582983142144E-008
           3 ,         138 ,   93.000000000000000      ,   2.4032115582273139E-008
           3 ,         139 ,   94.000000000000000      ,   3.0899326274730354E-008
           3 ,         140 ,   95.000000000000000      ,   1.8081047509915793E-008
           3 ,         141 ,   95.000000000000000      ,   2.3247838047430608E-008
           3 ,         142 ,   96.000000000000000      ,   1.3603791777089258E-008
           3 ,         143 ,   97.000000000000000      ,   1.7491248719379848E-008
           3 ,         144 ,   97.000000000000000      ,   1.0235307471365140E-008
           3 ,         145 ,   98.000000000000000      ,   1.3160232464545785E-008
           3 ,         146 ,   99.000000000000000      ,   7.7009844751119161E-009
           3 ,         147 ,   100.00000000000000      ,   9.9017203516321706E-009
           3 ,         148 ,   100.00000000000000      ,   5.7942313655412470E-009
           3 ,         149 ,   101.00000000000000      ,   7.4500984673965542E-009
           3 ,         150 ,   102.00000000000000      ,   4.3596304292320420E-009
           3 ,         151 ,   103.00000000000000      ,   5.6055407269064994E-009
           3 ,         152 ,   103.00000000000000      ,   3.2802548038946000E-009
           3 ,         153 ,   104.00000000000000      ,   4.2177112514335535E-009
           3 ,         154 ,   105.00000000000000      ,   2.4681358883754667E-009
           3 ,         155 ,   105.00000000000000      ,   3.1735112602029880E-009
           3 ,         156 ,   106.00000000000000      ,   1.8570966951736434E-009
           3 ,         157 ,   107.00000000000000      ,   2.3878492902591753E-009
           3 ,         158 ,   108.00000000000000      ,   1.3973449845133823E-009
           3 ,         159 ,   108.00000000000000      ,   1.7967084230997854E-009
           3 ,         160 ,   109.00000000000000      ,   1.0514192103766584E-009
           3 ,         161 ,   110.00000000000000      ,   1.3519209042175961E-009
           3 ,         162 ,   111.00000000000000      ,   7.9113772824546125E-010
           3 ,         163 ,   111.00000000000000      ,   1.0172523938652145E-009
           3 ,         164 ,   112.00000000000000      ,   5.9529394955126769E-010
           3 ,         165 ,   113.00000000000000      ,   7.6543717805049871E-010
           3 ,         166 ,   113.00000000000000      ,   4.4793516812413614E-010
           3 ,         167 ,   114.00000000000000      ,   5.7596375628923835E-010
           3 ,         168 ,   115.00000000000000      ,   3.3705486318647004E-010
           3 ,         169 ,   116.00000000000000      ,   4.3339221057411836E-010
           3 ,         170 ,   116.00000000000000      ,   2.5362289005070870E-010
           3 ,         171 ,   117.00000000000000      ,   3.2611452947806097E-010
           3 ,         172 ,   118.00000000000000      ,   1.9084547310532773E-010
           3 ,         173 ,   119.00000000000000      ,   2.4539454192631927E-010
           3 ,         174 ,   119.00000000000000      ,   1.4360687118630810E-010
           3 ,         175 ,   120.00000000000000      ,   1.8465456073923914E-010
           3 ,         176 ,   121.00000000000000      ,   1.0806232124405124E-010
           3 ,         177 ,   121.00000000000000      ,   1.3895003724007093E-010
           3 ,         178 ,   122.00000000000000      ,   8.1315279162885723E-011
           3 ,         179 ,   123.00000000000000      ,   1.0455850334850636E-010
           3 ,         180 ,   124.00000000000000      ,   6.1189315767040675E-011
           3 ,         181 ,   124.00000000000000      ,   7.8679349060223336E-011
           3 ,         182 ,   125.00000000000000      ,   4.6044435625391955E-011
           3 ,         183 ,   126.00000000000000      ,   5.9206288309521238E-011
           3 ,         184 ,   127.00000000000000      ,   3.4648391794567246E-011
           3 ,         185 ,   127.00000000000000      ,   4.4552505348155469E-011
           3 ,         186 ,   128.00000000000000      ,   2.6073362219269924E-011
           3 ,         187 ,   129.00000000000000      ,   3.3526298057195980E-011
           3 ,         188 ,   129.00000000000000      ,   1.9620504873585354E-011
           3 ,         189 ,   130.00000000000000      ,   2.5229129549386720E-011
           3 ,         190 ,   131.00000000000000      ,   1.4765098865776594E-011
           3 ,         191 ,   132.00000000000000      ,   1.8985635112656052E-011
           3 ,         192 ,   132.00000000000000      ,   1.1109925479590999E-011
           3 ,         193 ,   133.00000000000000      ,   1.4285838137451101E-011
           3 ,         194 ,   134.00000000000000      ,   8.3604477507659425E-012
           3 ,         195 ,   135.00000000000000      ,   1.0750836852702061E-011
           3 ,         196 ,   135.00000000000000      ,   6.2919201099242983E-012
           3 ,         197 ,   136.00000000000000      ,   8.0905625081395538E-012
           3 ,         198 ,   137.00000000000000      ,   4.7345079245975086E-012
           3 ,         199 ,   137.00000000000000      ,   6.0874300392144143E-012
           3 ,         200 ,   138.00000000000000      ,   3.5629138528392446E-012
           3 ,         201 ,   139.00000000000000      ,   4.5816935315134977E-012
           3 ,         202 ,   140.00000000000000      ,   2.6806144109992047E-012
           3 ,         203 ,   140.00000000000000      ,   3.4468166168477588E-012
           3 ,         204 ,   141.00000000000000      ,   2.0186977089942104E-012
           3 ,         205 ,   142.00000000000000      ,   2.5956589308484546E-012
           3 ,         206 ,   143.00000000000000      ,   1.5179333484605095E-012
           3 ,         207 ,   143.00000000000000      ,   1.9509905843650976E-012
           3 ,         208 ,   144.00000000000000      ,   1.1419649947885802E-012
           3 ,         209 ,   145.00000000000000      ,   1.4690193506083915E-012
           3 ,         210 ,   145.00000000000000      ,   8.5947915451356494E-013
           3 ,         211 ,   146.00000000000000      ,   1.1049963027920384E-012
           3 ,         212 ,   147.00000000000000      ,   6.4749594574919911E-013
           3 ,         213 ,   148.00000000000000      ,   1.1622647289044608E-015
           3 ,         214 ,   148.00000000000000      ,   1.6315421236257066E-013
           3 ,         215 ,   149.00000000000000      ,   6.3837823915946501E-016
           3 ,         216 ,   150.00000000000000      ,   8.7879356569509071E-014
           3 ,         217 ,   151.00000000000000      ,   1.3773704399255848E-015
           3 ,         218 ,   151.00000000000000      ,   4.6585998947357155E-014
           3 ,         219 ,   152.00000000000000      ,   3.8892500331400015E-015
           3 ,         220 ,   153.00000000000000      ,   2.4874199922031437E-014
           3 ,         221 ,   153.00000000000000      ,   7.8062556418956319E-016
           3 ,         222 ,   154.00000000000000      ,   1.4110240753595349E-014
           3 ,         223 ,   155.00000000000000      ,   2.4390212072233908E-015
           3 ,         224 ,   156.00000000000000      ,   6.4254157550180935E-015
           3 ,         225 ,   156.00000000000000      ,   3.0600522116230877E-015
           3 ,         226 ,   157.00000000000000      ,   3.9725167599868882E-015
           3 ,         227 ,   158.00000000000000      ,   7.7195194680967916E-016
           3 ,         228 ,   159.00000000000000      ,   2.5170837636423471E-015
           3 ,         229 ,   159.00000000000000      ,   1.8457457784393227E-015
           3 ,         230 ,   160.00000000000000      ,   2.7989763284885782E-015
           3 ,         231 ,   161.00000000000000      ,   6.1756155744774333E-016
           3 ,         232 ,   161.00000000000000      ,   1.7260498585969231E-015
           3 ,         233 ,   162.00000000000000      ,   2.4147350785597155E-015
           3 ,         234 ,   163.00000000000000      ,   9.5756735873919752E-016
           3 ,         235 ,   164.00000000000000      ,   1.0928757898653885E-015
           3 ,         236 ,   164.00000000000000      ,   1.0512424264419451E-015
           3 ,         237 ,   165.00000000000000      ,   1.8110513089197866E-015
           3 ,         238 ,   166.00000000000000      ,   9.9312918999672206E-016
           3 ,         239 ,   167.00000000000000      ,   1.7937040741600185E-015
           3 ,         240 ,   167.00000000000000      ,   2.1909557501587074E-015
           3 ,         241 ,   168.00000000000000      ,   1.5924761509467089E-015
           3 ,         242 ,   169.00000000000000      ,   8.3093254499289060E-016
           3 ,         243 ,   169.00000000000000      ,   2.0573820425084932E-015
           3 ,         244 ,   170.00000000000000      ,   1.3244613739082922E-015
           3 ,         245 ,   171.00000000000000      ,   3.8372083288606973E-015
           3 ,         246 ,   172.00000000000000      ,   1.3496148643099559E-015
           3 ,         247 ,   172.00000000000000      ,   1.1969591984239969E-015
           3 ,         248 ,   173.00000000000000      ,   5.1954968105505372E-016
           3 ,         249 ,   174.00000000000000      ,   9.3935276224144104E-016
           3 ,         250 ,   175.00000000000000      ,   6.1756155744774333E-016
           3 ,         251 ,   175.00000000000000      ,   1.2143064331837650E-015
           3 ,         252 ,   176.00000000000000      ,   8.1705475718507614E-016
           3 ,         253 ,   177.00000000000000      ,   8.2399365108898337E-016
           3 ,         254 ,   177.00000000000000      ,   1.8769708010069053E-015
           3 ,         255 ,   178.00000000000000      ,   5.2215176626901894E-016
           3 ,         256 ,   179.00000000000000      ,   3.4729163989055678E-015
           3 ,         257 ,   180.00000000000000      ,   1.8388068845354155E-015
           3 ,         258 ,   180.00000000000000      ,   2.3149884786910491E-015
           3 ,         259 ,   181.00000000000000      ,   7.6154360595381831E-016
           3 ,         260 ,   182.00000000000000      ,   2.6376470452227352E-015
           3 ,         261 ,   183.00000000000000      ,   6.9388939039072284E-016
           3 ,         262 ,   183.00000000000000      ,   1.7043658151472130E-015
           3 ,         263 ,   184.00000000000000      ,   5.3429483060085659E-016
           3 ,         264 ,   185.00000000000000      ,   9.5756735873919752E-016
           3 ,         265 ,   185.00000000000000      ,   2.0539125955565396E-015
           3 ,         266 ,   186.00000000000000      ,   9.1810239966072515E-016
           3 ,         267 ,   187.00000000000000      ,   5.9414279052205643E-016
           3 ,         268 ,   188.00000000000000      ,   2.0547799572945280E-015
           3 ,         269 ,   188.00000000000000      ,   2.3384072456167360E-015
           3 ,         270 ,   189.00000000000000      ,   4.2812975387107599E-015
           3 ,         271 ,   190.00000000000000      ,   1.2767564783189300E-015
           3 ,         272 ,   191.00000000000000      ,   2.2109050701324406E-015
           3 ,         273 ,   191.00000000000000      ,   8.1878948066105295E-016
           3 ,         274 ,   192.00000000000000      ,   9.5843472047718592E-016
           3 ,         275 ,   193.00000000000000      ,   9.2287288921966137E-016
           3 ,         276 ,   193.00000000000000      ,   3.7045019829484716E-015
           3 ,         277 ,   194.00000000000000      ,   1.7277845820728999E-015
           3 ,         278 ,   195.00000000000000      ,   3.9248118643975261E-015
