           1 ,           2 ,   2.0000000000000000      ,  0.81552568347920185     
           1 ,           3 ,   3.0000000000000000      ,  0.53792622687532465     
           1 ,           4 ,   3.0000000000000000      ,  0.36835582369431247     
           1 ,           5 ,   4.0000000000000000      ,  0.29538966943505651     
           1 ,           6 ,   5.0000000000000000      ,  0.21957832020304707     
           1 ,           7 ,   6.0000000000000000      ,  0.18579272103038463     
           1 ,           8 ,   6.0000000000000000      ,  0.13208710385189454     
           1 ,           9 ,   7.0000000000000000      ,  0.11588813707431933     
           1 ,          10 ,   8.0000000000000000      ,   9.8420404996524269E-002
           1 ,          11 ,   9.0000000000000000      ,  0.13139216885114230     
           1 ,          12 ,   9.0000000000000000      ,  0.10324697716723183     
           1 ,          13 ,   10.000000000000000      ,  0.11151719974758578     
           1 ,          14 ,   11.000000000000000      ,   4.7287163876190842E-002
           1 ,          15 ,   12.000000000000000      ,  0.11158564158199877     
           1 ,          16 ,   12.000000000000000      ,   5.6815500363313405E-002
           1 ,          17 ,   13.000000000000000      ,   5.7643229248748089E-002
           1 ,          18 ,   14.000000000000000      ,   5.7857836978902608E-002
           1 ,          19 ,   14.000000000000000      ,   8.8725773774630062E-002
           1 ,          20 ,   15.000000000000000      ,   4.2364955021122933E-002
           1 ,          21 ,   16.000000000000000      ,   3.6679554111122031E-002
           1 ,          22 ,   17.000000000000000      ,   3.7888661627146471E-002
           1 ,          23 ,   17.000000000000000      ,   9.9922332601238603E-002
           1 ,          24 ,   18.000000000000000      ,   4.6824091386114847E-002
           1 ,          25 ,   19.000000000000000      ,   4.8715629303058811E-002
           1 ,          26 ,   20.000000000000000      ,   2.0452749166160644E-002
           1 ,          27 ,   20.000000000000000      ,   1.8949771777749438E-002
           1 ,          28 ,   21.000000000000000      ,   8.5288577762546586E-003
           1 ,          29 ,   22.000000000000000      ,   9.4981790286232416E-003
           1 ,          30 ,   23.000000000000000      ,   5.5368418317501590E-003
           1 ,          31 ,   23.000000000000000      ,   9.2376952789883469E-003
           1 ,          32 ,   24.000000000000000      ,   6.8677147935592951E-003
           1 ,          33 ,   25.000000000000000      ,   1.1932671376748846E-002
           1 ,          34 ,   25.000000000000000      ,   8.8213329674280989E-003
           1 ,          35 ,   26.000000000000000      ,   1.5041406002284204E-002
           1 ,          36 ,   27.000000000000000      ,   1.0897914090462871E-002
           1 ,          37 ,   28.000000000000000      ,   1.7990488419998462E-002
           1 ,          38 ,   28.000000000000000      ,   1.2646134570307249E-002
           1 ,          39 ,   29.000000000000000      ,   1.9984429460123819E-002
           1 ,          40 ,   30.000000000000000      ,   1.3526436383928662E-002
           1 ,          41 ,   31.000000000000000      ,   2.0340719547723898E-002
           1 ,          42 ,   31.000000000000000      ,   1.3233193078328542E-002
           1 ,          43 ,   32.000000000000000      ,   1.8980587109078413E-002
           1 ,          44 ,   33.000000000000000      ,   1.1925372909375273E-002
           1 ,          45 ,   34.000000000000000      ,   1.6460752807201856E-002
           1 ,          46 ,   34.000000000000000      ,   1.0071992618265458E-002
           1 ,          47 ,   35.000000000000000      ,   1.3526574717486093E-002
           1 ,          48 ,   36.000000000000000      ,   8.1288988862571986E-003
           1 ,          49 ,   36.000000000000000      ,   1.0723425155357666E-002
           1 ,          50 ,   37.000000000000000      ,   6.3714254605868534E-003
           1 ,          51 ,   38.000000000000000      ,   8.3129643204821746E-003
           1 ,          52 ,   39.000000000000000      ,   4.9054949486006232E-003
           1 ,          53 ,   39.000000000000000      ,   6.3586632632756587E-003
           1 ,          54 ,   40.000000000000000      ,   3.7372679649972495E-003
           1 ,          55 ,   41.000000000000000      ,   4.8260843326133653E-003
           1 ,          56 ,   42.000000000000000      ,   2.8300206646405743E-003
           1 ,          57 ,   42.000000000000000      ,   3.6466606089753861E-003
           1 ,          58 ,   43.000000000000000      ,   2.1356618703386385E-003
           1 ,          59 ,   44.000000000000000      ,   2.7486138894646647E-003
           1 ,          60 ,   44.000000000000000      ,   1.6085866495838489E-003
           1 ,          61 ,   45.000000000000000      ,   2.0688844522171570E-003
           1 ,          62 ,   46.000000000000000      ,   1.2103290809105599E-003
           1 ,          63 ,   47.000000000000000      ,   1.5561058904908806E-003
           1 ,          64 ,   47.000000000000000      ,   9.1017204066171087E-004
           1 ,          65 ,   48.000000000000000      ,   1.1699793138230420E-003
           1 ,          66 ,   49.000000000000000      ,   6.8426552061785946E-004
           1 ,          67 ,   50.000000000000000      ,   8.7950907688753594E-004
           1 ,          68 ,   50.000000000000000      ,   5.1436778503777605E-004
           1 ,          69 ,   51.000000000000000      ,   6.6110980400340552E-004
           1 ,          70 ,   52.000000000000000      ,   3.8664057475167393E-004
           1 ,          71 ,   53.000000000000000      ,   4.9694009666017289E-004
           1 ,          72 ,   53.000000000000000      ,   2.9063324952937307E-004
           1 ,          73 ,   54.000000000000000      ,   3.7354708567085681E-004
           1 ,          74 ,   55.000000000000000      ,   2.1847286150997701E-004
           1 ,          75 ,   55.000000000000000      ,   2.8080468279622663E-004
           1 ,          76 ,   56.000000000000000      ,   1.6423619004749500E-004
           1 ,          77 ,   57.000000000000000      ,   2.1109795365432081E-004
           1 ,          78 ,   58.000000000000000      ,   1.2346996338809431E-004
           1 ,          79 ,   58.000000000000000      ,   1.5870306442540734E-004
           1 ,          80 ,   59.000000000000000      ,   9.2827195074694432E-005
           1 ,          81 ,   60.000000000000000      ,   1.1931856998197458E-004
           1 ,          82 ,   61.000000000000000      ,   6.9792719994781621E-005
           1 ,          83 ,   61.000000000000000      ,   8.9712192491982028E-005
           1 ,          84 ,   62.000000000000000      ,   5.2476533972441869E-005
           1 ,          85 ,   63.000000000000000      ,   6.7455072285206585E-005
           1 ,          86 ,   64.000000000000000      ,   3.9458379242180222E-005
           1 ,          87 ,   64.000000000000000      ,   5.0722000660133847E-005
           1 ,          88 ,   65.000000000000000      ,   2.9670941970748668E-005
           1 ,          89 ,   66.000000000000000      ,   3.8141315176553042E-005
           1 ,          90 ,   66.000000000000000      ,   2.2312094608544983E-005
           1 ,          91 ,   67.000000000000000      ,   2.8682131262808275E-005
           1 ,          92 ,   68.000000000000000      ,   1.6778967850133650E-005
           1 ,          93 ,   69.000000000000000      ,   2.1569627185305355E-005
           1 ,          94 ,   69.000000000000000      ,   1.2618422582875641E-005
           1 ,          95 ,   70.000000000000000      ,   1.6221402059192220E-005
           1 ,          96 ,   71.000000000000000      ,   9.4898407227870726E-006
           1 ,          97 ,   72.000000000000000      ,   1.2199662121811870E-005
           1 ,          98 ,   72.000000000000000      ,   7.1371689841512667E-006
           1 ,          99 ,   73.000000000000000      ,   9.1752959260121489E-006
           1 ,         100 ,   74.000000000000000      ,   5.3679130260896740E-006
           1 ,         101 ,   75.000000000000000      ,   6.9008801208739722E-006
           1 ,         102 ,   75.000000000000000      ,   4.0373526985180985E-006
           1 ,         103 ,   76.000000000000000      ,   5.1903940578188965E-006
           1 ,         104 ,   77.000000000000000      ,   3.0366797212650481E-006
           1 ,         105 ,   77.000000000000000      ,   3.9039747165041036E-006
           1 ,         106 ,   78.000000000000000      ,   2.2840823923351086E-006
           1 ,         107 ,   79.000000000000000      ,   2.9364587212569841E-006
           1 ,         108 ,   80.000000000000000      ,   1.7180447335861382E-006
           1 ,         109 ,   80.000000000000000      ,   2.2087700705490654E-006
           1 ,         110 ,   81.000000000000000      ,   1.2923096367693093E-006
           1 ,         111 ,   82.000000000000000      ,   1.6614463731125413E-006
           1 ,         112 ,   83.000000000000000      ,   9.7209260325852032E-007
           1 ,         113 ,   83.000000000000000      ,   1.2497723170389226E-006
           1 ,         114 ,   84.000000000000000      ,   7.3123538126863841E-007
           1 ,         115 ,   85.000000000000000      ,   9.4012110536320637E-007
           1 ,         116 ,   85.000000000000000      ,   5.5006606204666131E-007
           1 ,         117 ,   86.000000000000000      ,   7.0720389098825887E-007
           1 ,         118 ,   87.000000000000000      ,   4.1379022381118902E-007
           1 ,         119 ,   88.000000000000000      ,   5.3200173914368792E-007
           1 ,         120 ,   88.000000000000000      ,   3.1128125458322609E-007
           1 ,         121 ,   89.000000000000000      ,   4.0021069948846522E-007
           1 ,         122 ,   90.000000000000000      ,   2.3417080826336478E-007
           1 ,         123 ,   91.000000000000000      ,   3.0107261365756866E-007
           1 ,         124 ,   91.000000000000000      ,   1.7616485959749684E-007
           1 ,         125 ,   92.000000000000000      ,   2.2649594647516577E-007
           1 ,         126 ,   93.000000000000000      ,   1.3252940948491054E-007
           1 ,         127 ,   94.000000000000000      ,   1.7039465209861895E-007
           1 ,         128 ,   94.000000000000000      ,   9.9703736834363954E-008
           1 ,         129 ,   95.000000000000000      ,   1.2819101060995361E-007
           1 ,         130 ,   96.000000000000000      ,   7.5009548856919128E-008
           1 ,         131 ,   96.000000000000000      ,   9.6441740166791634E-008
           1 ,         132 ,   97.000000000000000      ,   5.6432251054408522E-008
           1 ,         133 ,   98.000000000000000      ,   7.2556798437050513E-008
           1 ,         134 ,   99.000000000000000      ,   4.2456451502040360E-008
           1 ,         135 ,   99.000000000000000      ,   5.4587926477667192E-008
           1 ,         136 ,   100.00000000000000      ,   3.1942234520604407E-008
           1 ,         137 ,   101.00000000000000      ,   4.1069582637932173E-008
           1 ,         138 ,   102.00000000000000      ,   2.4032114825933704E-008
           1 ,         139 ,   102.00000000000000      ,   3.0899326246541098E-008
           1 ,         140 ,   103.00000000000000      ,   1.8081047962678620E-008
           1 ,         141 ,   104.00000000000000      ,   2.3247838221770317E-008
           1 ,         142 ,   105.00000000000000      ,   1.3603792045971397E-008
           1 ,         143 ,   105.00000000000000      ,   1.7491249163902739E-008
           1 ,         144 ,   106.00000000000000      ,   1.0235307943209926E-008
           1 ,         145 ,   107.00000000000000      ,   1.3160232752509882E-008
           1 ,         146 ,   107.00000000000000      ,   7.7009849989984058E-009
           1 ,         147 ,   108.00000000000000      ,   9.9017220061246858E-009
           1 ,         148 ,   109.00000000000000      ,   5.7942321982085154E-009
           1 ,         149 ,   110.00000000000000      ,   7.4500979604236184E-009
           1 ,         150 ,   110.00000000000000      ,   4.3596302696374822E-009
           1 ,         151 ,   111.00000000000000      ,   5.6055397307415433E-009
           1 ,         152 ,   112.00000000000000      ,   3.2802539504106498E-009
           1 ,         153 ,   113.00000000000000      ,   4.2177122701499148E-009
           1 ,         154 ,   113.00000000000000      ,   2.4681371616624981E-009
           1 ,         155 ,   114.00000000000000      ,   3.1735124207329934E-009
           1 ,         156 ,   115.00000000000000      ,   1.8570974081449920E-009
           1 ,         157 ,   116.00000000000000      ,   2.3878509833492878E-009
           1 ,         158 ,   116.00000000000000      ,   1.3973456558513675E-009
           1 ,         159 ,   117.00000000000000      ,   1.7967083927421246E-009
           1 ,         160 ,   118.00000000000000      ,   1.0514194861976911E-009
           1 ,         161 ,   118.00000000000000      ,   1.3519211895796079E-009
           1 ,         162 ,   119.00000000000000      ,   7.9113855570855929E-010
           1 ,         163 ,   120.00000000000000      ,   1.0172539572847472E-009
           1 ,         164 ,   121.00000000000000      ,   5.9529468507402150E-010
           1 ,         165 ,   121.00000000000000      ,   7.6543778607107704E-010
           1 ,         166 ,   122.00000000000000      ,   4.4793404402332371E-010
           1 ,         167 ,   123.00000000000000      ,   5.7596048676916700E-010
           1 ,         168 ,   124.00000000000000      ,   3.3705402358030767E-010
           1 ,         169 ,   124.00000000000000      ,   4.3339238187806162E-010
           1 ,         170 ,   125.00000000000000      ,   2.5362376955551102E-010
           1 ,         171 ,   126.00000000000000      ,   3.2611560890974389E-010
           1 ,         172 ,   126.00000000000000      ,   1.9084546269698688E-010
           1 ,         173 ,   127.00000000000000      ,   2.4539433722894910E-010
           1 ,         174 ,   128.00000000000000      ,   1.4360736905194571E-010
           1 ,         175 ,   129.00000000000000      ,   1.8465416825805270E-010
           1 ,         176 ,   129.00000000000000      ,   1.0806147990316539E-010
           1 ,         177 ,   130.00000000000000      ,   1.3895047352302514E-010
           1 ,         178 ,   131.00000000000000      ,   8.1316746738946399E-011
           1 ,         179 ,   132.00000000000000      ,   1.0455917555385330E-010
           1 ,         180 ,   132.00000000000000      ,   6.1189307093423295E-011
           1 ,         181 ,   133.00000000000000      ,   7.8680096292360613E-011
           1 ,         182 ,   134.00000000000000      ,   4.6044631649144740E-011
           1 ,         183 ,   135.00000000000000      ,   5.9206656070898145E-011
           1 ,         184 ,   135.00000000000000      ,   3.4649259156305234E-011
           1 ,         185 ,   136.00000000000000      ,   4.4552562160349307E-011
           1 ,         186 ,   137.00000000000000      ,   2.6073242523350082E-011
           1 ,         187 ,   137.00000000000000      ,   3.3526692273105896E-011
           1 ,         188 ,   138.00000000000000      ,   1.9620352217919468E-011
           1 ,         189 ,   139.00000000000000      ,   2.5228508518382320E-011
           1 ,         190 ,   140.00000000000000      ,   1.4764682532142359E-011
           1 ,         191 ,   140.00000000000000      ,   1.8984727852278116E-011
           1 ,         192 ,   141.00000000000000      ,   1.1110463243868551E-011
           1 ,         193 ,   142.00000000000000      ,   1.4286805245788958E-011
           1 ,         194 ,   143.00000000000000      ,   8.3612040902014684E-012
           1 ,         195 ,   143.00000000000000      ,   1.0750733636655241E-011
           1 ,         196 ,   144.00000000000000      ,   6.2909018272438999E-012
           1 ,         197 ,   145.00000000000000      ,   8.0894379736462518E-012
           1 ,         198 ,   146.00000000000000      ,   4.7341228159858417E-012
           1 ,         199 ,   146.00000000000000      ,   6.0876052462854879E-012
           1 ,         200 ,   147.00000000000000      ,   3.5625963984431408E-012
           1 ,         201 ,   148.00000000000000      ,   4.5812706926662283E-012
           1 ,         202 ,   148.00000000000000      ,   2.6815320797179965E-012
           1 ,         203 ,   149.00000000000000      ,   3.4471765719690239E-012
           1 ,         204 ,   150.00000000000000      ,   2.0171208453545475E-012
           1 ,         205 ,   151.00000000000000      ,   2.5928859753721056E-012
           1 ,         206 ,   151.00000000000000      ,   1.5170278228060496E-012
           1 ,         207 ,   152.00000000000000      ,   1.9514138568932360E-012
           1 ,         208 ,   153.00000000000000      ,   1.1428462343143764E-012
           1 ,         209 ,   154.00000000000000      ,   1.9035207438067303E-013
           1 ,         210 ,   154.00000000000000      ,   9.9491595517697817E-014
           1 ,         211 ,   155.00000000000000      ,   1.9114180724311147E-013
           1 ,         212 ,   156.00000000000000      ,   9.9281693977104624E-014
           1 ,         213 ,   156.00000000000000      ,   1.8997303730117210E-013
           1 ,         214 ,   157.00000000000000      ,   9.8900054812389726E-014
           1 ,         215 ,   158.00000000000000      ,   1.8960874537121697E-013
           1 ,         216 ,   159.00000000000000      ,   9.9545371945453098E-014
           1 ,         217 ,   159.00000000000000      ,   1.8926353539949758E-013
           1 ,         218 ,   160.00000000000000      ,   9.8960770134048914E-014
           1 ,         219 ,   161.00000000000000      ,   1.8982385108223809E-013
           1 ,         220 ,   162.00000000000000      ,   9.8700561612652393E-014
           1 ,         221 ,   162.00000000000000      ,   1.8937282297848412E-013
           1 ,         222 ,   163.00000000000000      ,   9.8379637769596684E-014
           1 ,         223 ,   164.00000000000000      ,   1.8858612588212864E-013
           1 ,         224 ,   165.00000000000000      ,   9.8730051911743999E-014
           1 ,         225 ,   165.00000000000000      ,   1.8900506160157704E-013
           1 ,         226 ,   166.00000000000000      ,   9.8485455901631269E-014
           1 ,         227 ,   167.00000000000000      ,   1.8880123159314977E-013
           1 ,         228 ,   167.00000000000000      ,   9.7994529157929833E-014
           1 ,         229 ,   168.00000000000000      ,   1.8803968798719595E-013
           1 ,         230 ,   169.00000000000000      ,   9.9378838491759325E-014
           1 ,         231 ,   170.00000000000000      ,   1.8857962066909373E-013
           1 ,         232 ,   170.00000000000000      ,   9.8518415647674829E-014
           1 ,         233 ,   171.00000000000000      ,   1.8817499641832214E-013
           1 ,         234 ,   172.00000000000000      ,   9.8846278384634445E-014
           1 ,         235 ,   173.00000000000000      ,   1.8812425575664982E-013
           1 ,         236 ,   173.00000000000000      ,   9.8048305585685114E-014
           1 ,         237 ,   174.00000000000000      ,   1.8812425575664982E-013
           1 ,         238 ,   175.00000000000000      ,   9.8230451550662679E-014
           1 ,         239 ,   176.00000000000000      ,   1.8809172969147525E-013
           1 ,         240 ,   176.00000000000000      ,   9.8599947651045738E-014
           1 ,         241 ,   177.00000000000000      ,   1.8740911600367838E-013
           1 ,         242 ,   178.00000000000000      ,   9.8867095066346167E-014
           1 ,         243 ,   178.00000000000000      ,   1.8726253186995834E-013
           1 ,         244 ,   179.00000000000000      ,   9.8129837589056024E-014
           1 ,         245 ,   180.00000000000000      ,   1.8818627212091599E-013
           1 ,         246 ,   181.00000000000000      ,   9.8572192075430110E-014
           1 ,         247 ,   181.00000000000000      ,   1.8727163916820722E-013
           1 ,         248 ,   182.00000000000000      ,   9.8216573762854864E-014
           1 ,         249 ,   183.00000000000000      ,   1.8637522081199620E-013
           1 ,         250 ,   184.00000000000000      ,   9.8350147470505078E-014
           1 ,         251 ,   184.00000000000000      ,   1.8627547421212753E-013
           1 ,         252 ,   185.00000000000000      ,   9.8157593164671653E-014
           1 ,         253 ,   186.00000000000000      ,   1.8609332824714997E-013
           1 ,         254 ,   187.00000000000000      ,   9.8605151821473669E-014
           1 ,         255 ,   187.00000000000000      ,   1.8661808209863295E-013
           1 ,         256 ,   188.00000000000000      ,   9.8488925348583223E-014
           1 ,         257 ,   189.00000000000000      ,   1.8577413912757024E-013
           1 ,         258 ,   189.00000000000000      ,   9.8327596065317380E-014
