           5 ,           2 ,   5.0000000000000000      ,  0.59773404658573437     
           5 ,           3 ,   6.0000000000000000      ,  0.37927151295537931     
           5 ,           4 ,   8.0000000000000000      ,  0.27552726526795029     
           5 ,           5 ,   10.000000000000000      ,  0.21915992778502016     
           5 ,           6 ,   12.000000000000000      ,  0.17670023213425184     
           5 ,           7 ,   14.000000000000000      ,  0.12477282474961569     
           5 ,           8 ,   16.000000000000000      ,  0.14763977016046034     
           5 ,           9 ,   18.000000000000000      ,  0.10864939795877047     
           5 ,          10 ,   19.000000000000000      ,   8.7392288285936343E-002
           5 ,          11 ,   21.000000000000000      ,   6.7358047758478534E-002
           5 ,          12 ,   23.000000000000000      ,   7.4193516365779380E-002
           5 ,          13 ,   25.000000000000000      ,   4.4619022253939183E-002
           5 ,          14 ,   27.000000000000000      ,   7.1026745610416331E-002
           5 ,          15 ,   29.000000000000000      ,   2.5255194700964850E-002
           5 ,          16 ,   31.000000000000000      ,   4.5050390387592162E-002
           5 ,          17 ,   33.000000000000000      ,   3.0770343232200695E-002
           5 ,          18 ,   34.000000000000000      ,   3.7174219265548432E-002
           5 ,          19 ,   36.000000000000000      ,   1.1042793593853998E-002
           5 ,          20 ,   38.000000000000000      ,   1.4525029772881757E-002
           5 ,          21 ,   40.000000000000000      ,   3.0942191727716360E-003
           5 ,          22 ,   42.000000000000000      ,   4.5457910186561448E-003
           5 ,          23 ,   44.000000000000000      ,   1.4502536127312688E-003
           5 ,          24 ,   46.000000000000000      ,   4.1005481189857959E-003
           5 ,          25 ,   47.000000000000000      ,   1.8510905967870665E-003
           5 ,          26 ,   49.000000000000000      ,   5.4015602445721712E-003
           5 ,          27 ,   51.000000000000000      ,   2.3906718496829737E-003
           5 ,          28 ,   53.000000000000000      ,   6.7594383438807628E-003
           5 ,          29 ,   55.000000000000000      ,   2.8921473760915280E-003
           5 ,          30 ,   57.000000000000000      ,   7.8170844872089799E-003
           5 ,          31 ,   59.000000000000000      ,   3.1994135255338195E-003
           5 ,          32 ,   60.000000000000000      ,   8.1948449332705856E-003
           5 ,          33 ,   62.000000000000000      ,   3.1963652157746218E-003
           5 ,          34 ,   64.000000000000000      ,   7.7673111557149156E-003
           5 ,          35 ,   66.000000000000000      ,   2.9025905698507513E-003
           5 ,          36 ,   68.000000000000000      ,   6.7587326873835554E-003
           5 ,          37 ,   70.000000000000000      ,   2.4458830983197831E-003
           5 ,          38 ,   72.000000000000000      ,   5.5282812397770935E-003
           5 ,          39 ,   74.000000000000000      ,   1.9585806136013222E-003
           5 ,          40 ,   75.000000000000000      ,   4.3449593601817254E-003
           5 ,          41 ,   77.000000000000000      ,   1.5195248416370126E-003
           5 ,          42 ,   79.000000000000000      ,   3.3341695941712214E-003
           5 ,          43 ,   81.000000000000000      ,   1.1572084950102236E-003
           5 ,          44 ,   83.000000000000000      ,   2.5234346378521970E-003
           5 ,          45 ,   85.000000000000000      ,   8.7197772072100839E-004
           5 ,          46 ,   87.000000000000000      ,   1.8948610565801220E-003
           5 ,          47 ,   88.000000000000000      ,   6.5308360521652235E-004
           5 ,          48 ,   90.000000000000000      ,   1.4164237796511422E-003
           5 ,          49 ,   92.000000000000000      ,   4.8741914996106549E-004
           5 ,          50 ,   94.000000000000000      ,   1.0559396411206614E-003
           5 ,          51 ,   96.000000000000000      ,   3.6300514744261846E-004
           5 ,          52 ,   98.000000000000000      ,   7.8588010302589259E-004
           5 ,          53 ,   100.00000000000000      ,   2.6998274386832739E-004
           5 ,          54 ,   101.00000000000000      ,   5.8424297572979601E-004
           5 ,          55 ,   103.00000000000000      ,   2.0061564034428098E-004
           5 ,          56 ,   105.00000000000000      ,   4.3400706968895440E-004
           5 ,          57 ,   107.00000000000000      ,   1.4897542824635719E-004
           5 ,          58 ,   109.00000000000000      ,   3.2222344846854351E-004
           5 ,          59 ,   111.00000000000000      ,   1.1057557210622689E-004
           5 ,          60 ,   113.00000000000000      ,   2.3913044790617281E-004
           5 ,          61 ,   114.00000000000000      ,   8.2044293722001015E-005
           5 ,          62 ,   116.00000000000000      ,   1.7740771929812722E-004
           5 ,          63 ,   118.00000000000000      ,   6.0858034307915455E-005
           5 ,          64 ,   120.00000000000000      ,   1.3158347640146971E-004
           5 ,          65 ,   122.00000000000000      ,   4.5133019465842285E-005
           5 ,          66 ,   124.00000000000000      ,   9.7576487092665073E-005
           5 ,          67 ,   126.00000000000000      ,   3.3465557594624870E-005
           5 ,          68 ,   128.00000000000000      ,   7.2347304542299748E-005
           5 ,          69 ,   129.00000000000000      ,   2.4811022040138395E-005
           5 ,          70 ,   131.00000000000000      ,   5.3634869023185330E-005
           5 ,          71 ,   133.00000000000000      ,   1.8392739416258578E-005
           5 ,          72 ,   135.00000000000000      ,   3.9758594929049582E-005
           5 ,          73 ,   137.00000000000000      ,   1.3633675927864769E-005
           5 ,          74 ,   139.00000000000000      ,   2.9470166987817861E-005
           5 ,          75 ,   141.00000000000000      ,   1.0105361382088153E-005
           5 ,          76 ,   142.00000000000000      ,   2.1842828398441205E-005
           5 ,          77 ,   144.00000000000000      ,   7.4897789688289571E-006
           5 ,          78 ,   146.00000000000000      ,   1.6188824786378397E-005
           5 ,          79 ,   148.00000000000000      ,   5.5509727678597527E-006
           5 ,          80 ,   150.00000000000000      ,   1.1997927842665249E-005
           5 ,          81 ,   152.00000000000000      ,   4.1139197848984524E-006
           5 ,          82 ,   154.00000000000000      ,   8.8917047971967533E-006
           5 ,          83 ,   155.00000000000000      ,   3.0488220688416716E-006
           5 ,          84 ,   157.00000000000000      ,   6.5895290073617746E-006
           5 ,          85 ,   159.00000000000000      ,   2.2594367111087969E-006
           5 ,          86 ,   161.00000000000000      ,   4.8833334929873629E-006
           5 ,          87 ,   163.00000000000000      ,   1.6744105561755478E-006
           5 ,          88 ,   165.00000000000000      ,   3.6188680893793970E-006
           5 ,          89 ,   167.00000000000000      ,   1.2408487694171716E-006
           5 ,          90 ,   168.00000000000000      ,   2.6817903605903803E-006
           5 ,          91 ,   170.00000000000000      ,   9.1954301286757689E-007
           5 ,          92 ,   172.00000000000000      ,   1.9873468774817687E-006
           5 ,          93 ,   174.00000000000000      ,   6.8143191614931931E-007
           5 ,          94 ,   176.00000000000000      ,   1.4727199459229484E-006
           5 ,          95 ,   178.00000000000000      ,   5.0497616052580518E-007
           5 ,          96 ,   180.00000000000000      ,   1.0913523771386921E-006
           5 ,          97 ,   182.00000000000000      ,   3.7421213821631563E-007
           5 ,          98 ,   183.00000000000000      ,   8.0873963682892569E-007
           5 ,          99 ,   185.00000000000000      ,   2.7730899064722092E-007
           5 ,         100 ,   187.00000000000000      ,   5.9931040057546736E-007
           5 ,         101 ,   189.00000000000000      ,   2.0549890693884881E-007
           5 ,         102 ,   191.00000000000000      ,   4.4411416859346797E-007
           5 ,         103 ,   193.00000000000000      ,   1.5228421745708612E-007
           5 ,         104 ,   195.00000000000000      ,   3.2910726279443414E-007
           5 ,         105 ,   196.00000000000000      ,   1.1284968575494408E-007
           5 ,         106 ,   198.00000000000000      ,   2.4388246620214021E-007
           5 ,         107 ,   200.00000000000000      ,   8.3626922645421709E-008
           5 ,         108 ,   202.00000000000000      ,   1.8072746843685039E-007
           5 ,         109 ,   204.00000000000000      ,   6.1971550099470391E-008
           5 ,         110 ,   206.00000000000000      ,   1.3392707759289635E-007
           5 ,         111 ,   208.00000000000000      ,   4.5923948693762234E-008
           5 ,         112 ,   209.00000000000000      ,   9.9246082889241360E-008
           5 ,         113 ,   211.00000000000000      ,   3.4031951690310230E-008
           5 ,         114 ,   213.00000000000000      ,   7.3546029497398302E-008
           5 ,         115 ,   215.00000000000000      ,   2.5219430328793369E-008
           5 ,         116 ,   217.00000000000000      ,   5.4501195647684020E-008
           5 ,         117 ,   219.00000000000000      ,   1.8688937107949610E-008
           5 ,         118 ,   221.00000000000000      ,   4.0388139737126960E-008
           5 ,         119 ,   223.00000000000000      ,   1.3849525678632374E-008
           5 ,         120 ,   224.00000000000000      ,   2.9929726017875746E-008
           5 ,         121 ,   226.00000000000000      ,   1.0263278730354708E-008
           5 ,         122 ,   228.00000000000000      ,   2.2179545461527284E-008
           5 ,         123 ,   230.00000000000000      ,   7.6056856394488004E-009
           5 ,         124 ,   232.00000000000000      ,   1.6436286437784831E-008
           5 ,         125 ,   234.00000000000000      ,   5.6362696948877855E-009
           5 ,         126 ,   236.00000000000000      ,   1.2180241844642059E-008
           5 ,         127 ,   237.00000000000000      ,   4.1768250533605333E-009
           5 ,         128 ,   239.00000000000000      ,   9.0262698053747425E-009
           5 ,         129 ,   241.00000000000000      ,   3.0952885653884321E-009
           5 ,         130 ,   243.00000000000000      ,   6.6890152574869410E-009
           5 ,         131 ,   245.00000000000000      ,   2.2938058353780266E-009
           5 ,         132 ,   247.00000000000000      ,   4.9569756988346314E-009
           5 ,         133 ,   249.00000000000000      ,   1.6998511738822164E-009
           5 ,         134 ,   250.00000000000000      ,   3.6734172361926887E-009
           5 ,         135 ,   252.00000000000000      ,   1.2596970931644247E-009
           5 ,         136 ,   254.00000000000000      ,   2.7222334863727382E-009
           5 ,         137 ,   256.00000000000000      ,   9.3351922372808538E-010
           5 ,         138 ,   258.00000000000000      ,   2.0173531846759407E-009
           5 ,         139 ,   260.00000000000000      ,   6.9180147287822846E-010
           5 ,         140 ,   262.00000000000000      ,   1.4949712127954040E-009
           5 ,         141 ,   263.00000000000000      ,   5.1266626707735519E-010
           5 ,         142 ,   265.00000000000000      ,   1.1078613339210452E-009
           5 ,         143 ,   267.00000000000000      ,   3.7991576551377193E-010
           5 ,         144 ,   269.00000000000000      ,   8.2098953243375794E-010
           5 ,         145 ,   271.00000000000000      ,   2.8154161207244455E-010
           5 ,         146 ,   273.00000000000000      ,   6.0840420028351883E-010
           5 ,         147 ,   275.00000000000000      ,   2.0864081295979275E-010
           5 ,         148 ,   276.00000000000000      ,   4.5086564776780635E-010
           5 ,         149 ,   278.00000000000000      ,   1.5461591208743020E-010
           5 ,         150 ,   280.00000000000000      ,   3.3412064781579431E-010
           5 ,         151 ,   282.00000000000000      ,   1.1458185095181150E-010
           5 ,         152 ,   284.00000000000000      ,   2.4760791680900063E-010
           5 ,         153 ,   286.00000000000000      ,   8.4912819831028941E-011
           5 ,         154 ,   288.00000000000000      ,   1.8349212600743403E-010
           5 ,         155 ,   290.00000000000000      ,   6.2925281305026282E-011
           5 ,         156 ,   291.00000000000000      ,   1.3597763800360374E-010
           5 ,         157 ,   293.00000000000000      ,   4.6631066195901294E-011
           5 ,         158 ,   295.00000000000000      ,   1.0076746555232052E-010
           5 ,         159 ,   297.00000000000000      ,   3.4556949315978081E-011
           5 ,         160 ,   299.00000000000000      ,   7.4674927699747151E-011
           5 ,         161 ,   301.00000000000000      ,   2.5607677436867426E-011
           5 ,         162 ,   303.00000000000000      ,   5.5337566126634208E-011
           5 ,         163 ,   304.00000000000000      ,   1.8976582458196667E-011
           5 ,         164 ,   306.00000000000000      ,   4.1008061529845818E-011
           5 ,         165 ,   308.00000000000000      ,   1.4062069217390949E-011
           5 ,         166 ,   310.00000000000000      ,   3.0385696563051123E-011
           5 ,         167 ,   312.00000000000000      ,   1.0420606218197737E-011
           5 ,         168 ,   314.00000000000000      ,   2.2517418485357155E-011
           5 ,         169 ,   316.00000000000000      ,   7.7215542987341124E-012
           5 ,         170 ,   317.00000000000000      ,   1.6685259077164893E-011
           5 ,         171 ,   319.00000000000000      ,   5.7214771115310370E-012
           5 ,         172 ,   321.00000000000000      ,   1.2366437734945279E-011
           5 ,         173 ,   323.00000000000000      ,   4.2409478706595394E-012
           5 ,         174 ,   325.00000000000000      ,   9.1641026364608358E-012
           5 ,         175 ,   327.00000000000000      ,   3.1433015912352147E-012
           5 ,         176 ,   329.00000000000000      ,   6.7922195645664374E-012
           5 ,         177 ,   331.00000000000000      ,   2.3258703990558516E-012
           5 ,         178 ,   332.00000000000000      ,   5.0248902261351702E-012
           5 ,         179 ,   334.00000000000000      ,   1.7197424040382714E-012
           5 ,         180 ,   336.00000000000000      ,   3.7159173307821369E-012
           5 ,         181 ,   338.00000000000000      ,   1.2728793713501219E-012
           5 ,         182 ,   340.00000000000000      ,   2.7401622637590606E-012
           5 ,         183 ,   342.00000000000000      ,   9.3007979790060702E-013
           5 ,         184 ,   344.00000000000000      ,   2.0024979938138010E-012
           5 ,         185 ,   345.00000000000000      ,   6.8294892310860611E-013
           5 ,         186 ,   347.00000000000000      ,   1.4729675812397147E-012
           5 ,         187 ,   349.00000000000000      ,   5.0193443151824724E-013
           5 ,         188 ,   351.00000000000000      ,   1.0896214486244560E-012
           5 ,         189 ,   353.00000000000000      ,   3.7310345785135368E-013
           5 ,         190 ,   355.00000000000000      ,   7.7940605358595150E-013
           5 ,         191 ,   357.00000000000000      ,   2.6464594404806974E-013
           5 ,         192 ,   358.00000000000000      ,   5.5251723335425496E-013
           5 ,         193 ,   360.00000000000000      ,   1.8803231541242305E-013
           5 ,         194 ,   362.00000000000000      ,   3.9121310357881356E-013
           5 ,         195 ,   364.00000000000000      ,   1.2981022506908246E-013
           5 ,         196 ,   366.00000000000000      ,   2.7001751529143192E-013
           5 ,         197 ,   368.00000000000000      ,   9.0197814495152073E-014
           5 ,         198 ,   370.00000000000000      ,   1.8365690912514054E-013
           5 ,         199 ,   372.00000000000000      ,   6.1761793596071257E-014
           5 ,         200 ,   373.00000000000000      ,   1.2499810214672280E-013
           5 ,         201 ,   375.00000000000000      ,   3.6086151428138535E-014
           5 ,         202 ,   377.00000000000000      ,   7.2431644015935603E-014
           5 ,         203 ,   379.00000000000000      ,   2.2341069966236304E-014
           5 ,         204 ,   381.00000000000000      ,   2.5680846338360652E-014
           5 ,         205 ,   383.00000000000000      ,   7.4801276284119922E-015
           5 ,         206 ,   385.00000000000000      ,   6.8846837952829532E-015
           5 ,         207 ,   386.00000000000000      ,   7.6397221882018584E-015
           5 ,         208 ,   388.00000000000000      ,   7.2303274478713320E-015
           5 ,         209 ,   390.00000000000000      ,   7.7680917254241422E-015
           5 ,         210 ,   392.00000000000000      ,   7.2246895965744073E-015
           5 ,         211 ,   394.00000000000000      ,   7.9068696035022867E-015
           5 ,         212 ,   396.00000000000000      ,   6.9553737769290080E-015
           5 ,         213 ,   398.00000000000000      ,   7.5980888247784151E-015
           5 ,         214 ,   399.00000000000000      ,   7.3756105389843896E-015
           5 ,         215 ,   401.00000000000000      ,   7.3101247277662651E-015
           5 ,         216 ,   403.00000000000000      ,   7.1145346558498801E-015
           5 ,         217 ,   405.00000000000000      ,   6.8868521996279242E-015
           5 ,         218 ,   407.00000000000000      ,   7.7346982985115886E-015
           5 ,         219 ,   409.00000000000000      ,   7.5044137570756675E-015
           5 ,         220 ,   411.00000000000000      ,   7.4723213727700966E-015
           5 ,         221 ,   413.00000000000000      ,   7.7542139376163277E-015
           5 ,         222 ,   414.00000000000000      ,   7.4775255431980270E-015
           5 ,         223 ,   416.00000000000000      ,   8.0456474815804313E-015
           5 ,         224 ,   418.00000000000000      ,   7.1487954445004220E-015
           5 ,         225 ,   420.00000000000000      ,   8.8332119396739017E-015
           5 ,         226 ,   422.00000000000000      ,   6.0021432268797525E-015
           5 ,         227 ,   424.00000000000000      ,   5.7263221941994402E-015
           5 ,         228 ,   426.00000000000000      ,   6.1114308058662914E-015
           5 ,         229 ,   427.00000000000000      ,   6.3282712403633923E-015
           5 ,         230 ,   429.00000000000000      ,   5.8616306253256312E-015
           5 ,         231 ,   431.00000000000000      ,   6.0507154842071031E-015
           5 ,         232 ,   433.00000000000000      ,   5.8789778600853992E-015
           5 ,         233 ,   435.00000000000000      ,   6.8001160258290838E-015
           5 ,         234 ,   437.00000000000000      ,   5.5511151231257827E-015
           5 ,         235 ,   439.00000000000000      ,   5.9015292652730977E-015
           5 ,         236 ,   441.00000000000000      ,   5.5459109526978523E-015
           5 ,         237 ,   442.00000000000000      ,   6.2276572787567375E-015
           5 ,         238 ,   444.00000000000000      ,   5.2562121322097255E-015
           5 ,         239 ,   446.00000000000000      ,   6.7151145755062203E-015
           5 ,         240 ,   448.00000000000000      ,   5.8460181140418399E-015
           5 ,         241 ,   450.00000000000000      ,   6.4202115845901631E-015
           5 ,         242 ,   452.00000000000000      ,   5.5268289944621074E-015
           5 ,         243 ,   454.00000000000000      ,   5.8338750497100023E-015
           5 ,         244 ,   455.00000000000000      ,   6.0645932720149176E-015
           5 ,         245 ,   457.00000000000000      ,   6.2918420473678793E-015
           5 ,         246 ,   459.00000000000000      ,   6.0125515677356134E-015
           5 ,         247 ,   461.00000000000000      ,   6.3213323464594851E-015
           5 ,         248 ,   463.00000000000000      ,   5.3724386051001716E-015
           5 ,         249 ,   465.00000000000000      ,   5.9206112235088426E-015
           5 ,         250 ,   467.00000000000000      ,   5.1764148523147924E-015
           5 ,         251 ,   468.00000000000000      ,   5.9154070530809122E-015
           5 ,         252 ,   470.00000000000000      ,   5.5094817597023393E-015
           5 ,         253 ,   472.00000000000000      ,   5.5233595475101538E-015
           5 ,         254 ,   474.00000000000000      ,   5.5875443161212957E-015
           5 ,         255 ,   476.00000000000000      ,   5.7818333454306980E-015
           5 ,         256 ,   478.00000000000000      ,   5.8252014323301182E-015
           5 ,         257 ,   480.00000000000000      ,   5.8945903713691905E-015
           5 ,         258 ,   481.00000000000000      ,   5.5892790395972725E-015
           5 ,         259 ,   483.00000000000000      ,   6.6960326172704754E-015
           5 ,         260 ,   485.00000000000000      ,   5.2874371547773080E-015
           5 ,         261 ,   487.00000000000000      ,   6.2155142144248998E-015
           5 ,         262 ,   489.00000000000000      ,   5.3689691581482180E-015
           5 ,         263 ,   491.00000000000000      ,   6.7099104050782898E-015
           5 ,         264 ,   493.00000000000000      ,   5.2735593669694936E-015
           5 ,         265 ,   495.00000000000000      ,   5.8009153036664429E-015
           5 ,         266 ,   496.00000000000000      ,   5.8945903713691905E-015
           5 ,         267 ,   498.00000000000000      ,   6.4080685202583254E-015
           5 ,         268 ,   500.00000000000000      ,   5.8269361558060950E-015
           5 ,         269 ,   502.00000000000000      ,   6.4913352471052121E-015
           5 ,         270 ,   504.00000000000000      ,   5.6551985316843911E-015
           5 ,         271 ,   506.00000000000000      ,   5.6829541073000200E-015
           5 ,         272 ,   508.00000000000000      ,   5.5268289944621074E-015
           5 ,         273 ,   509.00000000000000      ,   6.5572547391923308E-015
           5 ,         274 ,   511.00000000000000      ,   5.3134580069169601E-015
           5 ,         275 ,   513.00000000000000      ,   5.8477528375178167E-015
           5 ,         276 ,   515.00000000000000      ,   5.7957111332385125E-015
           5 ,         277 ,   517.00000000000000      ,   6.0403071433512423E-015
           5 ,         278 ,   519.00000000000000      ,   5.3984594572398237E-015
           5 ,         279 ,   521.00000000000000      ,   6.0854099537266393E-015
           5 ,         280 ,   523.00000000000000      ,   5.3134580069169601E-015
