           3 ,           2 ,   5.0000000000000000      ,  0.59773404658575546     
           3 ,           3 ,   7.0000000000000000      ,  0.37927151295537664     
           3 ,           4 ,   9.0000000000000000      ,  0.27552726526771482     
           3 ,           5 ,   11.000000000000000      ,  0.21915992778501878     
           3 ,           6 ,   12.000000000000000      ,  0.17670023213431113     
           3 ,           7 ,   14.000000000000000      ,  0.12477282474975572     
           3 ,           8 ,   16.000000000000000      ,  0.14763977016043189     
           3 ,           9 ,   18.000000000000000      ,  0.10864939795890174     
           3 ,          10 ,   20.000000000000000      ,   8.7392288286033890E-002
           3 ,          11 ,   22.000000000000000      ,   6.7358047759055614E-002
           3 ,          12 ,   24.000000000000000      ,   7.4193516364975329E-002
           3 ,          13 ,   25.000000000000000      ,   4.4619022253528692E-002
           3 ,          14 ,   27.000000000000000      ,   7.1026745610712400E-002
           3 ,          15 ,   29.000000000000000      ,   2.5255194700961225E-002
           3 ,          16 ,   31.000000000000000      ,   4.5050390387463876E-002
           3 ,          17 ,   33.000000000000000      ,   3.0770343232083240E-002
           3 ,          18 ,   35.000000000000000      ,   3.7174219265887820E-002
           3 ,          19 ,   37.000000000000000      ,   1.1042793593751557E-002
           3 ,          20 ,   39.000000000000000      ,   1.4525029772893040E-002
           3 ,          21 ,   40.000000000000000      ,   3.0942191727505331E-003
           3 ,          22 ,   42.000000000000000      ,   4.5457910186651185E-003
           3 ,          23 ,   44.000000000000000      ,   1.4502536127192489E-003
           3 ,          24 ,   46.000000000000000      ,   4.1005481190331105E-003
           3 ,          25 ,   48.000000000000000      ,   1.8510905967965979E-003
           3 ,          26 ,   50.000000000000000      ,   5.4015602446447260E-003
           3 ,          27 ,   52.000000000000000      ,   2.3906718496785832E-003
           3 ,          28 ,   53.000000000000000      ,   6.7594383439008197E-003
           3 ,          29 ,   55.000000000000000      ,   2.8921473760587261E-003
           3 ,          30 ,   57.000000000000000      ,   7.8170844871167725E-003
           3 ,          31 ,   59.000000000000000      ,   3.1994135254824071E-003
           3 ,          32 ,   61.000000000000000      ,   8.1948449332229917E-003
           3 ,          33 ,   63.000000000000000      ,   3.1963652157368017E-003
           3 ,          34 ,   65.000000000000000      ,   7.7673111556847045E-003
           3 ,          35 ,   67.000000000000000      ,   2.9025905698022714E-003
           3 ,          36 ,   68.000000000000000      ,   6.7587326873252470E-003
           3 ,          37 ,   70.000000000000000      ,   2.4458830982691387E-003
           3 ,          38 ,   72.000000000000000      ,   5.5282812396729320E-003
           3 ,          39 ,   74.000000000000000      ,   1.9585806135436852E-003
           3 ,          40 ,   76.000000000000000      ,   4.3449593600841264E-003
           3 ,          41 ,   78.000000000000000      ,   1.5195248415862928E-003
           3 ,          42 ,   80.000000000000000      ,   3.3341695940857495E-003
           3 ,          43 ,   81.000000000000000      ,   1.1572084949681210E-003
           3 ,          44 ,   83.000000000000000      ,   2.5234346377651451E-003
           3 ,          45 ,   85.000000000000000      ,   8.7197772067919895E-004
           3 ,          46 ,   87.000000000000000      ,   1.8948610564913501E-003
           3 ,          47 ,   89.000000000000000      ,   6.5308360517566007E-004
           3 ,          48 ,   91.000000000000000      ,   1.4164237795592149E-003
           3 ,          49 ,   93.000000000000000      ,   4.8741914992359286E-004
           3 ,          50 ,   94.000000000000000      ,   1.0559396410352445E-003
           3 ,          51 ,   96.000000000000000      ,   3.6300514740769500E-004
           3 ,          52 ,   98.000000000000000      ,   7.8588010294597648E-004
           3 ,          53 ,   100.00000000000000      ,   2.6998274383621765E-004
           3 ,          54 ,   102.00000000000000      ,   5.8424297565618129E-004
           3 ,          55 ,   104.00000000000000      ,   2.0061564031478244E-004
           3 ,          56 ,   106.00000000000000      ,   4.3400706961930352E-004
           3 ,          57 ,   108.00000000000000      ,   1.4897542821902489E-004
           3 ,          58 ,   109.00000000000000      ,   3.2222344842397325E-004
           3 ,          59 ,   111.00000000000000      ,   1.1057557209521920E-004
           3 ,          60 ,   113.00000000000000      ,   2.3913044787865663E-004
           3 ,          61 ,   115.00000000000000      ,   8.2044293716113364E-005
           3 ,          62 ,   117.00000000000000      ,   1.7740771928267604E-004
           3 ,          63 ,   119.00000000000000      ,   6.0858034300026800E-005
           3 ,          64 ,   121.00000000000000      ,   1.3158347637928954E-004
           3 ,          65 ,   122.00000000000000      ,   4.5133019457578930E-005
           3 ,          66 ,   124.00000000000000      ,   9.7576487070441531E-005
           3 ,          67 ,   126.00000000000000      ,   3.3465557585577420E-005
           3 ,          68 ,   128.00000000000000      ,   7.2347304517868770E-005
           3 ,          69 ,   130.00000000000000      ,   2.4811022030853287E-005
           3 ,          70 ,   132.00000000000000      ,   5.3634868999631255E-005
           3 ,          71 ,   134.00000000000000      ,   1.8392739407455724E-005
           3 ,          72 ,   136.00000000000000      ,   3.9758594906711547E-005
           3 ,          73 ,   137.00000000000000      ,   1.3633675921337438E-005
           3 ,          74 ,   139.00000000000000      ,   2.9470166971240844E-005
           3 ,          75 ,   141.00000000000000      ,   1.0105361375456739E-005
           3 ,          76 ,   143.00000000000000      ,   2.1842828383056810E-005
           3 ,          77 ,   145.00000000000000      ,   7.4897789632132235E-006
           3 ,          78 ,   147.00000000000000      ,   1.6188824772779900E-005
           3 ,          79 ,   149.00000000000000      ,   5.5509727618519716E-006
           3 ,          80 ,   150.00000000000000      ,   1.1997927828613121E-005
           3 ,          81 ,   152.00000000000000      ,   4.1139197804957242E-006
           3 ,          82 ,   154.00000000000000      ,   8.8917047859609494E-006
           3 ,          83 ,   156.00000000000000      ,   3.0488220651965839E-006
           3 ,          84 ,   158.00000000000000      ,   6.5895289990385714E-006
           3 ,          85 ,   160.00000000000000      ,   2.2594367089204433E-006
           3 ,          86 ,   162.00000000000000      ,   4.8833334881258003E-006
           3 ,          87 ,   163.00000000000000      ,   1.6744105549968032E-006
           3 ,          88 ,   165.00000000000000      ,   3.6188680852559593E-006
           3 ,          89 ,   167.00000000000000      ,   1.2408487690789005E-006
           3 ,          90 ,   169.00000000000000      ,   2.6817903604897664E-006
           3 ,          91 ,   171.00000000000000      ,   9.1954301260606733E-007
           3 ,          92 ,   173.00000000000000      ,   1.9873468759144461E-006
           3 ,          93 ,   175.00000000000000      ,   6.8143191881211984E-007
           3 ,          94 ,   176.00000000000000      ,   1.4727199516995776E-006
           3 ,          95 ,   178.00000000000000      ,   5.0497616305416465E-007
           3 ,          96 ,   180.00000000000000      ,   1.0913523869251346E-006
           3 ,          97 ,   182.00000000000000      ,   3.7421214197242564E-007
           3 ,          98 ,   184.00000000000000      ,   8.0873964685215793E-007
           3 ,          99 ,   186.00000000000000      ,   2.7730899390633265E-007
           3 ,         100 ,   188.00000000000000      ,   5.9931041059089335E-007
           3 ,         101 ,   189.00000000000000      ,   2.0549890955828126E-007
           3 ,         102 ,   191.00000000000000      ,   4.4411417496510730E-007
           3 ,         103 ,   193.00000000000000      ,   1.5228422084890419E-007
           3 ,         104 ,   195.00000000000000      ,   3.2910727204397972E-007
           3 ,         105 ,   197.00000000000000      ,   1.1284969031726683E-007
           3 ,         106 ,   199.00000000000000      ,   2.4388247686461806E-007
           3 ,         107 ,   201.00000000000000      ,   8.3626925689861409E-008
           3 ,         108 ,   203.00000000000000      ,   1.8072747568625980E-007
           3 ,         109 ,   204.00000000000000      ,   6.1971552021110321E-008
           3 ,         110 ,   206.00000000000000      ,   1.3392708199042036E-007
           3 ,         111 ,   208.00000000000000      ,   4.5923950513920841E-008
           3 ,         112 ,   210.00000000000000      ,   9.9246088721381687E-008
           3 ,         113 ,   212.00000000000000      ,   3.4031952003427818E-008
           3 ,         114 ,   214.00000000000000      ,   7.3546037406002629E-008
           3 ,         115 ,   216.00000000000000      ,   2.5219432174539147E-008
           3 ,         116 ,   217.00000000000000      ,   5.4501206036075556E-008
           3 ,         117 ,   219.00000000000000      ,   1.8688940029223944E-008
           3 ,         118 ,   221.00000000000000      ,   4.0388149918219041E-008
           3 ,         119 ,   223.00000000000000      ,   1.3849529905286123E-008
           3 ,         120 ,   225.00000000000000      ,   2.9929739122844246E-008
           3 ,         121 ,   227.00000000000000      ,   1.0263283753246533E-008
           3 ,         122 ,   229.00000000000000      ,   2.2179559883150901E-008
           3 ,         123 ,   230.00000000000000      ,   7.6056939860708050E-009
           3 ,         124 ,   232.00000000000000      ,   1.6436305360148507E-008
           3 ,         125 ,   234.00000000000000      ,   5.6362763805120619E-009
           3 ,         126 ,   236.00000000000000      ,   1.2180259295960227E-008
           3 ,         127 ,   238.00000000000000      ,   4.1768308525411135E-009
           3 ,         128 ,   240.00000000000000      ,   9.0263066543708192E-009
           3 ,         129 ,   242.00000000000000      ,   3.0953001091058030E-009
           3 ,         130 ,   243.00000000000000      ,   6.6890586585335865E-009
           3 ,         131 ,   245.00000000000000      ,   2.2938206447123410E-009
           3 ,         132 ,   247.00000000000000      ,   4.9570206689386609E-009
           3 ,         133 ,   249.00000000000000      ,   1.6998776223436929E-009
           3 ,         134 ,   251.00000000000000      ,   3.6734841045785172E-009
           3 ,         135 ,   253.00000000000000      ,   1.2597278836387615E-009
           3 ,         136 ,   255.00000000000000      ,   2.7223025257649969E-009
           3 ,         137 ,   256.00000000000000      ,   9.3354933852762834E-010
           3 ,         138 ,   258.00000000000000      ,   2.0174198102004826E-009
           3 ,         139 ,   260.00000000000000      ,   6.9182838537823477E-010
           3 ,         140 ,   262.00000000000000      ,   1.4950529564350390E-009
           3 ,         141 ,   264.00000000000000      ,   5.1269746954851758E-010
           3 ,         142 ,   266.00000000000000      ,   1.1079465678243139E-009
           3 ,         143 ,   268.00000000000000      ,   3.7994849714367840E-010
           3 ,         144 ,   269.00000000000000      ,   8.2107380356549742E-010
           3 ,         145 ,   271.00000000000000      ,   2.8157204606110708E-010
           3 ,         146 ,   273.00000000000000      ,   6.0847911952099931E-010
           3 ,         147 ,   275.00000000000000      ,   2.0866775668482163E-010
           3 ,         148 ,   277.00000000000000      ,   4.5093286309833003E-010
           3 ,         149 ,   279.00000000000000      ,   1.5464048964963784E-010
           3 ,         150 ,   281.00000000000000      ,   3.3417836466792528E-010
           3 ,         151 ,   283.00000000000000      ,   1.1460226170822985E-010
           3 ,         152 ,   284.00000000000000      ,   2.4765623145989180E-010
           3 ,         153 ,   286.00000000000000      ,   8.4929183477577830E-011
           3 ,         154 ,   288.00000000000000      ,   1.8353183122571393E-010
           3 ,         155 ,   290.00000000000000      ,   6.2939898952396600E-011
           3 ,         156 ,   292.00000000000000      ,   1.3601280431790874E-010
           3 ,         157 ,   294.00000000000000      ,   4.6644461730582787E-011
           3 ,         158 ,   296.00000000000000      ,   1.0079943824070625E-010
           3 ,         159 ,   297.00000000000000      ,   3.4568395021472575E-011
           3 ,         160 ,   299.00000000000000      ,   7.4702485516886519E-011
           3 ,         161 ,   301.00000000000000      ,   2.5618225422963103E-011
           3 ,         162 ,   303.00000000000000      ,   5.5360050744968081E-011
           3 ,         163 ,   305.00000000000000      ,   1.8985409598604175E-011
           3 ,         164 ,   307.00000000000000      ,   4.1027384614644724E-011
           3 ,         165 ,   309.00000000000000      ,   1.4070200733684590E-011
           3 ,         166 ,   310.00000000000000      ,   3.0405631137875311E-011
           3 ,         167 ,   312.00000000000000      ,   1.0426457440482206E-011
           3 ,         168 ,   314.00000000000000      ,   2.2531565155303745E-011
           3 ,         169 ,   316.00000000000000      ,   7.7279242033378992E-012
           3 ,         170 ,   318.00000000000000      ,   1.6699966062794225E-011
           3 ,         171 ,   320.00000000000000      ,   5.7271140954662236E-012
           3 ,         172 ,   322.00000000000000      ,   1.2376763676436031E-011
           3 ,         173 ,   323.00000000000000      ,   4.2446593115363918E-012
           3 ,         174 ,   325.00000000000000      ,   9.1716243974526712E-012
           3 ,         175 ,   327.00000000000000      ,   3.1453325187447145E-012
           3 ,         176 ,   329.00000000000000      ,   6.7980829299152390E-012
           3 ,         177 ,   331.00000000000000      ,   2.3308247693032413E-012
           3 ,         178 ,   333.00000000000000      ,   5.0360080688927056E-012
           3 ,         179 ,   335.00000000000000      ,   1.7276163138957301E-012
           3 ,         180 ,   337.00000000000000      ,   3.7334857427850920E-012
           3 ,         181 ,   338.00000000000000      ,   1.2806544019694499E-012
           3 ,         182 ,   340.00000000000000      ,   2.7672655833477222E-012
           3 ,         183 ,   342.00000000000000      ,   9.4902124353479778E-013
           3 ,         184 ,   344.00000000000000      ,   2.0515325549474994E-012
           3 ,         185 ,   346.00000000000000      ,   7.0323347839407191E-013
           3 ,         186 ,   348.00000000000000      ,   1.5194026592446619E-012
           3 ,         187 ,   350.00000000000000      ,   5.2109098286345912E-013
           3 ,         188 ,   351.00000000000000      ,   8.8123952579621800E-016
           3 ,         189 ,   353.00000000000000      ,   1.9696830971804857E-013
           3 ,         190 ,   355.00000000000000      ,   6.7480743215497796E-016
           3 ,         191 ,   357.00000000000000      ,   1.2790072820290099E-013
           3 ,         192 ,   359.00000000000000      ,   9.0118884576995129E-016
           3 ,         193 ,   361.00000000000000      ,   8.2528602007858609E-014
           3 ,         194 ,   363.00000000000000      ,   7.5980888247784151E-016
           3 ,         195 ,   364.00000000000000      ,   5.4256946158126595E-014
           3 ,         196 ,   366.00000000000000      ,   8.8123952579621800E-016
           3 ,         197 ,   368.00000000000000      ,   3.5421318655970424E-014
           3 ,         198 ,   370.00000000000000      ,   1.7529380724745636E-015
           3 ,         199 ,   372.00000000000000      ,   2.2080427763970789E-014
           3 ,         200 ,   374.00000000000000      ,   9.7578195523695399E-016
           3 ,         201 ,   376.00000000000000      ,   1.4772471440549495E-014
           3 ,         202 ,   377.00000000000000      ,   8.3266726846886741E-016
           3 ,         203 ,   379.00000000000000      ,   1.0546251372200999E-014
           3 ,         204 ,   381.00000000000000      ,   6.5268970783627367E-016
           3 ,         205 ,   383.00000000000000      ,   5.8937230096312021E-015
           3 ,         206 ,   385.00000000000000      ,   1.4693107841523556E-015
           3 ,         207 ,   387.00000000000000      ,   4.5861751896136838E-015
           3 ,         208 ,   389.00000000000000      ,   9.5192950744227289E-016
           3 ,         209 ,   391.00000000000000      ,   2.8614263736237433E-015
           3 ,         210 ,   392.00000000000000      ,   2.7720881146109377E-015
           3 ,         211 ,   394.00000000000000      ,   1.3240276930392980E-015
           3 ,         212 ,   396.00000000000000      ,   2.1744758771369277E-015
           3 ,         213 ,   398.00000000000000      ,   1.2941037130786981E-015
           3 ,         214 ,   400.00000000000000      ,   2.2195786875123247E-015
           3 ,         215 ,   402.00000000000000      ,   1.2038980923279041E-015
           3 ,         216 ,   404.00000000000000      ,   6.6092964434716350E-016
           3 ,         217 ,   405.00000000000000      ,   1.6792123247455493E-015
           3 ,         218 ,   407.00000000000000      ,   2.5153490401663703E-015
           3 ,         219 ,   409.00000000000000      ,   1.1830814106161824E-015
           3 ,         220 ,   411.00000000000000      ,   9.7491459349896559E-016
           3 ,         221 ,   413.00000000000000      ,   1.5994150448506161E-015
           3 ,         222 ,   415.00000000000000      ,   2.0391674460107367E-015
           3 ,         223 ,   417.00000000000000      ,   1.0408340855860843E-015
           3 ,         224 ,   418.00000000000000      ,   8.3310094933786161E-016
           3 ,         225 ,   420.00000000000000      ,   1.0096090630185017E-015
           3 ,         226 ,   422.00000000000000      ,   2.2187113257743363E-015
           3 ,         227 ,   424.00000000000000      ,   1.2732870313669764E-015
           3 ,         228 ,   426.00000000000000      ,   5.2735593669694936E-016
           3 ,         229 ,   428.00000000000000      ,   1.9290125052862095E-015
           3 ,         230 ,   430.00000000000000      ,   1.0495077029659683E-015
           3 ,         231 ,   431.00000000000000      ,   8.3266726846886741E-016
           3 ,         232 ,   433.00000000000000      ,   2.3323357134508171E-015
           3 ,         233 ,   435.00000000000000      ,   1.5126788710517758E-015
           3 ,         234 ,   437.00000000000000      ,   2.3522850334245504E-015
           3 ,         235 ,   439.00000000000000      ,   9.1550031444675994E-016
           3 ,         236 ,   441.00000000000000      ,   7.2858385991025898E-016
           3 ,         237 ,   443.00000000000000      ,   1.1019830881142667E-015
           3 ,         238 ,   444.00000000000000      ,   2.1649348980190553E-015
           3 ,         239 ,   446.00000000000000      ,   3.5700609135602690E-015
           3 ,         240 ,   448.00000000000000      ,   2.9646424204443633E-015
           3 ,         241 ,   450.00000000000000      ,   1.1587952819525071E-015
           3 ,         242 ,   452.00000000000000      ,   7.3552275381416621E-016
           3 ,         243 ,   454.00000000000000      ,   6.8348104953486200E-016
           3 ,         244 ,   456.00000000000000      ,   2.9793875699901662E-015
           3 ,         245 ,   457.00000000000000      ,   8.8817841970012523E-016
           3 ,         246 ,   459.00000000000000      ,   2.0304938286308527E-015
           3 ,         247 ,   461.00000000000000      ,   1.6826817716975029E-015
           3 ,         248 ,   463.00000000000000      ,   9.3501595355149902E-016
           3 ,         249 ,   465.00000000000000      ,   1.1258355359089478E-015
           3 ,         250 ,   467.00000000000000      ,   1.6228338117763030E-015
           3 ,         251 ,   469.00000000000000      ,   2.5569824035898137E-015
           3 ,         252 ,   471.00000000000000      ,   2.2074356231804870E-015
           3 ,         253 ,   472.00000000000000      ,   3.7157776855423208E-015
           3 ,         254 ,   474.00000000000000      ,   1.8682971836270212E-015
           3 ,         255 ,   476.00000000000000      ,   8.6042284408449632E-016
           3 ,         256 ,   478.00000000000000      ,   2.4659094211010313E-015
           3 ,         257 ,   480.00000000000000      ,   9.6147048656014533E-016
           3 ,         258 ,   482.00000000000000      ,   3.3601593729670753E-015
