           1 ,           2 ,   5.0000000000000000      ,  0.59773404658571905     
           1 ,           3 ,   7.0000000000000000      ,  0.37927151295542305     
           1 ,           4 ,   8.0000000000000000      ,  0.27552726526767757     
           1 ,           5 ,   10.000000000000000      ,  0.21915992778502899     
           1 ,           6 ,   12.000000000000000      ,  0.17670023213443659     
           1 ,           7 ,   14.000000000000000      ,  0.12477282474972427     
           1 ,           8 ,   16.000000000000000      ,  0.14763977016017693     
           1 ,           9 ,   18.000000000000000      ,  0.10864939795866446     
           1 ,          10 ,   20.000000000000000      ,   8.7392288285616959E-002
           1 ,          11 ,   21.000000000000000      ,   6.7358047758531700E-002
           1 ,          12 ,   23.000000000000000      ,   7.4193516365192502E-002
           1 ,          13 ,   25.000000000000000      ,   4.4619022253628231E-002
           1 ,          14 ,   27.000000000000000      ,   7.1026745610692998E-002
           1 ,          15 ,   29.000000000000000      ,   2.5255194700936828E-002
           1 ,          16 ,   31.000000000000000      ,   4.5050390387566384E-002
           1 ,          17 ,   33.000000000000000      ,   3.0770343232136801E-002
           1 ,          18 ,   35.000000000000000      ,   3.7174219266510232E-002
           1 ,          19 ,   36.000000000000000      ,   1.1042793593742436E-002
           1 ,          20 ,   38.000000000000000      ,   1.4525029772864000E-002
           1 ,          21 ,   40.000000000000000      ,   3.0942191727279088E-003
           1 ,          22 ,   42.000000000000000      ,   4.5457910187154098E-003
           1 ,          23 ,   44.000000000000000      ,   1.4502536127194562E-003
           1 ,          24 ,   46.000000000000000      ,   4.1005481191136346E-003
           1 ,          25 ,   48.000000000000000      ,   1.8510905968062326E-003
           1 ,          26 ,   49.000000000000000      ,   5.4015602446979318E-003
           1 ,          27 ,   51.000000000000000      ,   2.3906718496655953E-003
           1 ,          28 ,   53.000000000000000      ,   6.7594383439534981E-003
           1 ,          29 ,   55.000000000000000      ,   2.8921473760626960E-003
           1 ,          30 ,   57.000000000000000      ,   7.8170844872107077E-003
           1 ,          31 ,   59.000000000000000      ,   3.1994135254848916E-003
           1 ,          32 ,   61.000000000000000      ,   8.1948449332427779E-003
           1 ,          33 ,   63.000000000000000      ,   3.1963652156904612E-003
           1 ,          34 ,   64.000000000000000      ,   7.7673111555000007E-003
           1 ,          35 ,   66.000000000000000      ,   2.9025905696684349E-003
           1 ,          36 ,   68.000000000000000      ,   6.7587326869316304E-003
           1 ,          37 ,   70.000000000000000      ,   2.4458830980886703E-003
           1 ,          38 ,   72.000000000000000      ,   5.5282812392528176E-003
           1 ,          39 ,   74.000000000000000      ,   1.9585806133672174E-003
           1 ,          40 ,   76.000000000000000      ,   4.3449593596763094E-003
           1 ,          41 ,   77.000000000000000      ,   1.5195248414231308E-003
           1 ,          42 ,   79.000000000000000      ,   3.3341695937349780E-003
           1 ,          43 ,   81.000000000000000      ,   1.1572084948308424E-003
           1 ,          44 ,   83.000000000000000      ,   2.5234346374853047E-003
           1 ,          45 ,   85.000000000000000      ,   8.7197772056719740E-004
           1 ,          46 ,   87.000000000000000      ,   1.8948610582089666E-003
           1 ,          47 ,   89.000000000000000      ,   6.5308360594043980E-004
           1 ,          48 ,   91.000000000000000      ,   1.4164237817580099E-003
           1 ,          49 ,   92.000000000000000      ,   4.8741915072327609E-004
           1 ,          50 ,   94.000000000000000      ,   1.0559396429166805E-003
           1 ,          51 ,   96.000000000000000      ,   3.6300514806267368E-004
           1 ,          52 ,   98.000000000000000      ,   7.8588010439844657E-004
           1 ,          53 ,   100.00000000000000      ,   2.6998274432754425E-004
           1 ,          54 ,   102.00000000000000      ,   5.8424297671897003E-004
           1 ,          55 ,   104.00000000000000      ,   2.0061564067360435E-004
           1 ,          56 ,   105.00000000000000      ,   4.3400707038877308E-004
           1 ,          57 ,   107.00000000000000      ,   1.4897542847793366E-004
           1 ,          58 ,   109.00000000000000      ,   3.2222344897873435E-004
           1 ,          59 ,   111.00000000000000      ,   1.1057557228153977E-004
           1 ,          60 ,   113.00000000000000      ,   2.3913044827420654E-004
           1 ,          61 ,   115.00000000000000      ,   8.2044293848132326E-005
           1 ,          62 ,   117.00000000000000      ,   1.7740771956287378E-004
           1 ,          63 ,   118.00000000000000      ,   6.0858034395660371E-005
           1 ,          64 ,   120.00000000000000      ,   1.3158347658050185E-004
           1 ,          65 ,   122.00000000000000      ,   4.5133019524243485E-005
           1 ,          66 ,   124.00000000000000      ,   9.7576487212174511E-005
           1 ,          67 ,   126.00000000000000      ,   3.3465557632107908E-005
           1 ,          68 ,   128.00000000000000      ,   7.2347304615404465E-005
           1 ,          69 ,   130.00000000000000      ,   2.4811022063999516E-005
           1 ,          70 ,   132.00000000000000      ,   5.3634869068691464E-005
           1 ,          71 ,   133.00000000000000      ,   1.8392739430740917E-005
           1 ,          72 ,   135.00000000000000      ,   3.9758594955387888E-005
           1 ,          73 ,   137.00000000000000      ,   1.3633675936562673E-005
           1 ,          74 ,   139.00000000000000      ,   2.9470167002713932E-005
           1 ,          75 ,   141.00000000000000      ,   1.0105361385779645E-005
           1 ,          76 ,   143.00000000000000      ,   2.1842828404334928E-005
           1 ,          77 ,   145.00000000000000      ,   7.4897789699409148E-006
           1 ,          78 ,   146.00000000000000      ,   1.6188824787203258E-005
           1 ,          79 ,   148.00000000000000      ,   5.5509727670643820E-006
           1 ,          80 ,   150.00000000000000      ,   1.1997927838308491E-005
           1 ,          81 ,   152.00000000000000      ,   4.1139197821558546E-006
           1 ,          82 ,   154.00000000000000      ,   8.8917047894087123E-006
           1 ,          83 ,   156.00000000000000      ,   3.0488220661216252E-006
           1 ,          84 ,   158.00000000000000      ,   6.5895290002754292E-006
           1 ,          85 ,   160.00000000000000      ,   2.2594367083874495E-006
           1 ,          86 ,   161.00000000000000      ,   4.8833334861074496E-006
           1 ,          87 ,   163.00000000000000      ,   1.6744105544711819E-006
           1 ,          88 ,   165.00000000000000      ,   3.6188680845854887E-006
           1 ,          89 ,   167.00000000000000      ,   1.2408487680090098E-006
           1 ,          90 ,   169.00000000000000      ,   2.6817903583508523E-006
           1 ,          91 ,   171.00000000000000      ,   9.1954301390667625E-007
           1 ,          92 ,   173.00000000000000      ,   1.9873468780819831E-006
           1 ,          93 ,   174.00000000000000      ,   6.8143191834417818E-007
           1 ,          94 ,   176.00000000000000      ,   1.4727199515356462E-006
           1 ,          95 ,   178.00000000000000      ,   5.0497616185547073E-007
           1 ,          96 ,   180.00000000000000      ,   1.0913523824191904E-006
           1 ,          97 ,   182.00000000000000      ,   3.7421214015096599E-007
           1 ,          98 ,   184.00000000000000      ,   8.0873964467507997E-007
           1 ,          99 ,   186.00000000000000      ,   2.7730899308797685E-007
           1 ,         100 ,   188.00000000000000      ,   5.9931040905739780E-007
           1 ,         101 ,   189.00000000000000      ,   2.0549891072401544E-007
           1 ,         102 ,   191.00000000000000      ,   4.4411417678223014E-007
           1 ,         103 ,   193.00000000000000      ,   1.5228421998718031E-007
           1 ,         104 ,   195.00000000000000      ,   3.2910727026849024E-007
           1 ,         105 ,   197.00000000000000      ,   1.1284968834315151E-007
           1 ,         106 ,   199.00000000000000      ,   2.4388247188856377E-007
           1 ,         107 ,   201.00000000000000      ,   8.3626924398793462E-008
           1 ,         108 ,   202.00000000000000      ,   1.8072747254987975E-007
           1 ,         109 ,   204.00000000000000      ,   6.1971551054001983E-008
           1 ,         110 ,   206.00000000000000      ,   1.3392707967716660E-007
           1 ,         111 ,   208.00000000000000      ,   4.5923949171678552E-008
           1 ,         112 ,   210.00000000000000      ,   9.9246086528691213E-008
           1 ,         113 ,   212.00000000000000      ,   3.4031950000255884E-008
           1 ,         114 ,   214.00000000000000      ,   7.3546033345014972E-008
           1 ,         115 ,   216.00000000000000      ,   2.5219431303707962E-008
           1 ,         116 ,   217.00000000000000      ,   5.4501203077504667E-008
           1 ,         117 ,   219.00000000000000      ,   1.8688939274619232E-008
           1 ,         118 ,   221.00000000000000      ,   4.0388148764627929E-008
           1 ,         119 ,   223.00000000000000      ,   1.3849528599906707E-008
           1 ,         120 ,   225.00000000000000      ,   2.9929735597886142E-008
           1 ,         121 ,   227.00000000000000      ,   1.0263284597189504E-008
           1 ,         122 ,   229.00000000000000      ,   2.2179562617942461E-008
           1 ,         123 ,   231.00000000000000      ,   7.6056929729922951E-009
           1 ,         124 ,   232.00000000000000      ,   1.6436303647109074E-008
           1 ,         125 ,   234.00000000000000      ,   5.6362764047981906E-009
           1 ,         126 ,   236.00000000000000      ,   1.2180259409584615E-008
           1 ,         127 ,   238.00000000000000      ,   4.1768309835127360E-009
           1 ,         128 ,   240.00000000000000      ,   9.0263065494200490E-009
           1 ,         129 ,   242.00000000000000      ,   3.0952997127214887E-009
           1 ,         130 ,   244.00000000000000      ,   6.6890575751987758E-009
           1 ,         131 ,   245.00000000000000      ,   2.2938210835973805E-009
           1 ,         132 ,   247.00000000000000      ,   4.9570219777875235E-009
           1 ,         133 ,   249.00000000000000      ,   1.6998770290682641E-009
           1 ,         134 ,   251.00000000000000      ,   3.6734825606746235E-009
           1 ,         135 ,   253.00000000000000      ,   1.2597268957137420E-009
           1 ,         136 ,   255.00000000000000      ,   2.7223007034379854E-009
           1 ,         137 ,   257.00000000000000      ,   9.3354805656697959E-010
           1 ,         138 ,   259.00000000000000      ,   2.0174165185626869E-009
           1 ,         139 ,   260.00000000000000      ,   6.9182762383462881E-010
           1 ,         140 ,   262.00000000000000      ,   1.4950514775832757E-009
           1 ,         141 ,   264.00000000000000      ,   5.1269693698841046E-010
           1 ,         142 ,   266.00000000000000      ,   1.1079449553988430E-009
           1 ,         143 ,   268.00000000000000      ,   3.7994728717405390E-010
           1 ,         144 ,   270.00000000000000      ,   8.2107059606179034E-010
           1 ,         145 ,   272.00000000000000      ,   2.8157086644914342E-010
           1 ,         146 ,   273.00000000000000      ,   6.0847770832345160E-010
           1 ,         147 ,   275.00000000000000      ,   2.0866737070884822E-010
           1 ,         148 ,   277.00000000000000      ,   4.5093090806497260E-010
           1 ,         149 ,   279.00000000000000      ,   1.5463941065163578E-010
           1 ,         150 ,   281.00000000000000      ,   3.3417609998642739E-010
           1 ,         151 ,   283.00000000000000      ,   1.1460009937541704E-010
           1 ,         152 ,   285.00000000000000      ,   2.4765174806706813E-010
           1 ,         153 ,   287.00000000000000      ,   8.4929465370142676E-011
           1 ,         154 ,   288.00000000000000      ,   1.8353281394656307E-010
           1 ,         155 ,   290.00000000000000      ,   6.2939810481499325E-011
           1 ,         156 ,   292.00000000000000      ,   1.3601247732253352E-010
           1 ,         157 ,   294.00000000000000      ,   4.6643537990331829E-011
           1 ,         158 ,   296.00000000000000      ,   1.0079686217634443E-010
           1 ,         159 ,   298.00000000000000      ,   3.4567025457288292E-011
           1 ,         160 ,   300.00000000000000      ,   7.4698735044731457E-011
           1 ,         161 ,   301.00000000000000      ,   2.5617419643908512E-011
           1 ,         162 ,   303.00000000000000      ,   5.5359197261017901E-011
           1 ,         163 ,   305.00000000000000      ,   1.8984422540946344E-011
           1 ,         164 ,   307.00000000000000      ,   4.1024815489176802E-011
           1 ,         165 ,   309.00000000000000      ,   1.4069716745834793E-011
           1 ,         166 ,   311.00000000000000      ,   3.0404580762810607E-011
           1 ,         167 ,   313.00000000000000      ,   1.0426520757889080E-011
           1 ,         168 ,   315.00000000000000      ,   2.2531905161105037E-011
           1 ,         169 ,   316.00000000000000      ,   7.7277550677989915E-012
           1 ,         170 ,   318.00000000000000      ,   1.6699888000237806E-011
           1 ,         171 ,   320.00000000000000      ,   5.7263768379889335E-012
           1 ,         172 ,   322.00000000000000      ,   1.2374073987686529E-011
           1 ,         173 ,   324.00000000000000      ,   4.2431128055575584E-012
           1 ,         174 ,   326.00000000000000      ,   9.1694690035337700E-012
           1 ,         175 ,   328.00000000000000      ,   3.1446655175682015E-012
           1 ,         176 ,   329.00000000000000      ,   6.7955684482368106E-012
           1 ,         177 ,   331.00000000000000      ,   2.3310728347603060E-012
           1 ,         178 ,   333.00000000000000      ,   5.0373897761413211E-012
           1 ,         179 ,   335.00000000000000      ,   1.7271193156198628E-012
           1 ,         180 ,   337.00000000000000      ,   3.7320320445122235E-012
           1 ,         181 ,   339.00000000000000      ,   1.2802545482082373E-012
           1 ,         182 ,   341.00000000000000      ,   3.7429694760282572E-013
           1 ,         183 ,   343.00000000000000      ,   1.0373993331036502E-013
           1 ,         184 ,   344.00000000000000      ,   7.3130737576754257E-014
           1 ,         185 ,   346.00000000000000      ,   1.0356038943060142E-013
           1 ,         186 ,   348.00000000000000      ,   7.3051807658597312E-014
           1 ,         187 ,   350.00000000000000      ,   1.0321431209714405E-013
           1 ,         188 ,   352.00000000000000      ,   7.2679709473000287E-014
           1 ,         189 ,   354.00000000000000      ,   1.0313711690246308E-013
           1 ,         190 ,   356.00000000000000      ,   7.2955530505680599E-014
           1 ,         191 ,   357.00000000000000      ,   1.0321171001193008E-013
           1 ,         192 ,   359.00000000000000      ,   7.2920836036161063E-014
           1 ,         193 ,   361.00000000000000      ,   1.0355865470712544E-013
           1 ,         194 ,   363.00000000000000      ,   7.2555676744467945E-014
           1 ,         195 ,   365.00000000000000      ,   1.0322385307626192E-013
           1 ,         196 ,   367.00000000000000      ,   7.2998898592580019E-014
           1 ,         197 ,   369.00000000000000      ,   1.0237730801998524E-013
           1 ,         198 ,   371.00000000000000      ,   7.2791599137200791E-014
           1 ,         199 ,   372.00000000000000      ,   1.0232179686875398E-013
           1 ,         200 ,   374.00000000000000      ,   7.2926040206588993E-014
           1 ,         201 ,   376.00000000000000      ,   1.0259067900753038E-013
           1 ,         202 ,   378.00000000000000      ,   7.3129870215016268E-014
           1 ,         203 ,   380.00000000000000      ,   1.0253343313282315E-013
           1 ,         204 ,   382.00000000000000      ,   7.2926040206588993E-014
           1 ,         205 ,   384.00000000000000      ,   1.0170640371565121E-013
           1 ,         206 ,   385.00000000000000      ,   7.2314550181307169E-014
           1 ,         207 ,   387.00000000000000      ,   1.0189115176584274E-013
           1 ,         208 ,   389.00000000000000      ,   7.2618994151341099E-014
           1 ,         209 ,   391.00000000000000      ,   1.0168949016176043E-013
           1 ,         210 ,   393.00000000000000      ,   7.3294668945234065E-014
           1 ,         211 ,   395.00000000000000      ,   1.0181785969898272E-013
           1 ,         212 ,   397.00000000000000      ,   7.2958999952632553E-014
           1 ,         213 ,   398.00000000000000      ,   1.0153987026195743E-013
           1 ,         214 ,   400.00000000000000      ,   7.2874865864047678E-014
           1 ,         215 ,   402.00000000000000      ,   1.0165002520268196E-013
           1 ,         216 ,   404.00000000000000      ,   7.2021381913867089E-014
           1 ,         217 ,   406.00000000000000      ,   1.0209715017861498E-013
           1 ,         218 ,   408.00000000000000      ,   7.2291131414381482E-014
           1 ,         219 ,   410.00000000000000      ,   1.0162357066967331E-013
           1 ,         220 ,   412.00000000000000      ,   7.2445521803743418E-014
           1 ,         221 ,   413.00000000000000      ,   1.0156112062453815E-013
           1 ,         222 ,   415.00000000000000      ,   7.3073491702047022E-014
           1 ,         223 ,   417.00000000000000      ,   1.0118034882156124E-013
           1 ,         224 ,   419.00000000000000      ,   7.2845375564956072E-014
           1 ,         225 ,   421.00000000000000      ,   1.0125624297363522E-013
           1 ,         226 ,   423.00000000000000      ,   7.2752567858991313E-014
           1 ,         227 ,   425.00000000000000      ,   1.0083947565853180E-013
           1 ,         228 ,   426.00000000000000      ,   7.2409959972485893E-014
           1 ,         229 ,   428.00000000000000      ,   1.0097478408965799E-013
           1 ,         230 ,   430.00000000000000      ,   7.2272916817883726E-014
           1 ,         231 ,   432.00000000000000      ,   1.0090192570366696E-013
           1 ,         232 ,   434.00000000000000      ,   7.2598177469629377E-014
           1 ,         233 ,   436.00000000000000      ,   9.9876704129364668E-014
           1 ,         234 ,   438.00000000000000      ,   7.1848776928007396E-014
           1 ,         235 ,   440.00000000000000      ,   1.0060528798927493E-013
           1 ,         236 ,   441.00000000000000      ,   7.2194854261464769E-014
           1 ,         237 ,   443.00000000000000      ,   1.0063738037358050E-013
           1 ,         238 ,   445.00000000000000      ,   7.1407289803371299E-014
           1 ,         239 ,   447.00000000000000      ,   1.0006795739259111E-013
           1 ,         240 ,   449.00000000000000      ,   7.1886073482740898E-014
           1 ,         241 ,   451.00000000000000      ,   1.0066556963006512E-013
           1 ,         242 ,   453.00000000000000      ,   7.2363989800372508E-014
           1 ,         243 ,   454.00000000000000      ,   1.0025097071930666E-013
           1 ,         244 ,   456.00000000000000      ,   7.2341438395184809E-014
           1 ,         245 ,   458.00000000000000      ,   9.9667669950509463E-014
           1 ,         246 ,   460.00000000000000      ,   7.1536526702331571E-014
           1 ,         247 ,   462.00000000000000      ,   9.9826397148561341E-014
           1 ,         248 ,   464.00000000000000      ,   7.2516645466258467E-014
           1 ,         249 ,   466.00000000000000      ,   9.9902724981504321E-014
           1 ,         250 ,   468.00000000000000      ,   7.1474944018934394E-014
           1 ,         251 ,   469.00000000000000      ,   9.9780426976447956E-014
           1 ,         252 ,   471.00000000000000      ,   7.2025718722557031E-014
           1 ,         253 ,   473.00000000000000      ,   9.9368430150903464E-014
           1 ,         254 ,   475.00000000000000      ,   7.1793265776776138E-014
           1 ,         255 ,   477.00000000000000      ,   9.9600015734946368E-014
           1 ,         256 ,   479.00000000000000      ,   7.1683110836051611E-014
           1 ,         257 ,   481.00000000000000      ,   1.0029347144446810E-013
           1 ,         258 ,   482.00000000000000      ,   7.2590371213987481E-014
           1 ,         259 ,   484.00000000000000      ,   9.9279091891890658E-014
           1 ,         260 ,   486.00000000000000      ,   7.1539128787545536E-014
           1 ,         261 ,   488.00000000000000      ,   9.9572693840199733E-014
           1 ,         262 ,   490.00000000000000      ,   7.1572088533589096E-014
           1 ,         263 ,   492.00000000000000      ,   9.9100849054734041E-014
           1 ,         264 ,   494.00000000000000      ,   7.1843572757579466E-014
           1 ,         265 ,   495.00000000000000      ,   9.8039198287436236E-014
           1 ,         266 ,   497.00000000000000      ,   7.1537394064069559E-014
           1 ,         267 ,   499.00000000000000      ,   9.8651121993587054E-014
           1 ,         268 ,   501.00000000000000      ,   7.1821888714129756E-014
